,Total,price not NULL,diff
Maruti Swift Dzire VDI,210,0,210
Maruti Alto 800 LXI,189,166,23
Maruti Wagon R VXI,163,135,28
Maruti Swift VDI,150,0,150
Maruti Alto K10 VXI,121,0,121
Maruti Swift VDI BSIV,112,0,112
Maruti Swift Dzire VXI,104,92,12
Maruti Swift VXI,100,87,13
Maruti Alto LXi,98,0,98
Hyundai Grand i10 Sportz,94,79,15
Hyundai i10 Magna,92,0,92
Maruti Wagon R LXI,91,77,14
Renault KWID RXT,81,69,12
Hyundai EON Era Plus,81,0,81
Maruti Swift Dzire VDi,78,0,78
Maruti Wagon R LXI CNG,75,62,13
Maruti Alto K10 2010-2014 VXI,71,0,71
Honda City 1.5 S MT,69,57,12
Mahindra XUV500 W8 2WD,66,54,12
Hyundai Santro Xing GLS,63,0,63
Hyundai Grand i10 Magna,60,52,8
Maruti Vitara Brezza ZDi Plus,57,0,57
Honda Brio S MT,56,0,56
Maruti Ertiga VDI,54,0,54
Maruti Baleno Delta 1.2,53,43,10
Renault KWID 1.0 RXT Optional,53,43,10
Ford Figo Diesel Titanium,52,48,4
Maruti Vitara Brezza ZDi,51,0,51
Honda Amaze S i-Dtech,51,44,7
Hyundai Verna 1.6 SX,50,44,6
Hyundai Grand i10 1.2 Kappa Sportz BSIV,49,46,3
BMW 5 Series 520d Luxury Line,48,41,7
Hyundai i10 Era,48,0,48
Maruti Baleno Alpha 1.2,48,40,8
Hyundai i10 Sportz,48,0,48
Hyundai i20 Sportz 1.4 CRDi,48,40,8
Maruti Ritz VDi,47,0,47
Mahindra XUV500 W6 2WD,46,42,4
Hyundai i20 Sportz 1.2,45,41,4
Renault Duster 85PS Diesel RxL,45,0,45
Hyundai i20 Asta 1.4 CRDi,44,35,9
Hyundai Creta 1.6 CRDi SX,44,38,6
Volkswagen Vento Diesel Highline,44,0,44
Maruti Alto 800 VXI,43,38,5
Honda Amaze S i-Vtech,42,31,11
Hyundai Grand i10 CRDi Sportz,42,0,42
Honda WR-V i-DTEC VX,42,36,6
Maruti Celerio VXI AT,41,37,4
Maruti Swift Dzire LDI,41,0,41
Honda City i VTEC CVT VX,41,32,9
Honda City i DTEC SV,41,38,3
Maruti Vitara Brezza VDi,40,0,40
Maruti Ertiga VXI CNG,40,31,9
Hyundai Creta 1.6 CRDi AT SX Plus,40,36,4
Toyota Etios GD,40,0,40
Maruti Swift Dzire ZDI,40,0,40
Maruti Vitara Brezza VDi Option,39,0,39
Maruti Ertiga SHVS VDI,39,0,39
Maruti Celerio VXI,39,32,7
Hyundai i20 1.2 Spotz,39,36,3
Maruti Ertiga ZDI,39,0,39
Chevrolet Beat LT,38,0,38
Hyundai EON Magna Plus,38,0,38
Maruti Alto K10 LXI,38,0,38
Maruti Eeco 5 Seater AC BSIV,37,33,4
Maruti Baleno Zeta 1.2,37,32,5
Toyota Innova 2.5 G (Diesel) 7 Seater,37,0,37
Tata Tiago 1.2 Revotron XZ,37,30,7
Hyundai i20 1.2 Asta,37,31,6
Hyundai Grand i10 Asta Option,36,27,9
Maruti Vitara Brezza ZDi Plus Dual Tone,36,0,36
Honda City i VTEC SV,36,33,3
Honda WR-V i-VTEC VX,36,33,3
Hyundai i20 Asta 1.2,36,32,4
Honda City 1.5 V MT,35,30,5
Renault KWID RXL,35,31,4
Volkswagen Polo GT TSI,35,30,5
Renault Duster 110PS Diesel RxL,35,0,35
Honda City V MT,35,29,6
Ford Figo Diesel ZXI,35,32,3
Maruti Alto LX,35,0,35
Ford Figo Diesel EXI,35,32,3
Volkswagen Polo 1.5 TDI Highline,35,0,35
Ford Ecosport 1.5 DV5 MT Titanium,34,29,5
Chevrolet Beat Diesel LT,34,0,34
Honda Amaze VX i-DTEC,34,31,3
Renault Duster 110PS Diesel RxZ,34,0,34
Mahindra TUV 300 T8,34,0,34
Toyota Fortuner 3.0 Diesel,33,30,3
Maruti Ciaz VDi Plus SHVS,33,0,33
Hyundai i10 Sportz 1.1L,33,0,33
Maruti Ritz LDi,33,0,33
Ford Ecosport 2015-2021 1.5 TDCi Titanium BSIV,33,29,4
Ford Ecosport 2015-2021 1.5 Diesel Titanium BSIV,32,29,3
Maruti Swift Dzire VXi,32,28,4
Tata Tiago 1.2 Revotron XT,31,25,6
Toyota Innova 2.5 G (Diesel) 8 Seater,31,0,31
Maruti Swift Dzire VXI 1.2,31,28,3
Honda City i DTEC VX,31,26,5
Toyota Etios G,31,0,31
Hyundai Creta 1.6 CRDi SX Option,30,27,3
Hyundai Grand i10 CRDi Magna,30,0,30
Maruti Ertiga VXI,30,21,9
Maruti Wagon R VXI BS IV,30,28,2
Hyundai i20 1.2 Sportz,30,27,3
Hyundai i20 Magna 1.2,30,27,3
Hyundai i10 Magna 1.1L,30,0,30
Hyundai i20 1.2 Magna,30,23,7
Honda City i VTEC V,30,27,3
Toyota Etios Liva G,30,0,30
Volkswagen Vento 1.5 TDI Highline,30,0,30
Hyundai Grand i10 1.2 Kappa Magna BSIV,29,26,3
Chevrolet Beat Diesel LS,29,0,29
Maruti Ciaz ZDi Plus SHVS,29,0,29
Mahindra XUV500 W10 2WD,29,22,7
Maruti Swift Dzire VXI 1.2 BS IV,29,24,5
Toyota Etios Liva GD,29,0,29
Hyundai Santro Xing GL,28,0,28
Chevrolet Beat LS,28,0,28
Hyundai EON D Lite Plus,28,0,28
Maruti Swift VXI Optional,28,26,2
Mahindra Thar CRDe,28,25,3
Maruti Alto LXi BSIII,28,0,28
Toyota Innova Crysta 2016-2020 2.8 ZX AT BSIV,28,23,5
Volkswagen Polo 1.2 MPI Comfortline,27,20,7
Mahindra Bolero 2011-2019 SLX,27,24,3
Hyundai Verna 1.6 SX CRDi (O),27,24,3
Datsun RediGO T Option,27,21,6
Tata Safari Storme EX,27,0,27
Volkswagen Polo 2015-2019 GT TSI,26,23,3
Hyundai i10 Magna 1.2,26,22,4
Hyundai Grand i10 1.2 Kappa Asta,26,20,6
Maruti Baleno Delta,26,23,3
Maruti Celerio ZXI AT,26,20,6
Maruti Wagon R LXI Minor,26,24,2
Honda City i VTEC VX,26,23,3
Maruti Wagon R AMT VXI,26,20,6
Jaguar XF 2.2 Litre Luxury,26,0,26
Honda Amaze S i-VTEC,26,23,3
Maruti S-Cross 2017-2020 Zeta DDiS 200 SH,26,0,26
Maruti Alto 800 CNG LXI,26,20,6
Volkswagen Polo 2015-2019 1.5 TDI Highline,25,0,25
Volkswagen Polo Diesel Highline 1.2L,25,0,25
Maruti Baleno Delta 1.3,25,0,25
Hyundai Verna 1.6 CRDi SX,25,20,5
Chevrolet Spark 1.0 LS,25,0,25
Volkswagen Polo Diesel Comfortline 1.2L,24,0,24
Hyundai Creta 1.6 VTVT AT SX Plus,24,17,7
Hyundai Verna 1.6 CRDI,24,23,1
Maruti Swift Dzire Vdi BSIV,24,0,24
Skoda Superb Elegance 1.8 TSI AT,24,21,3
Maruti Swift Vdi BSIII,24,0,24
Toyota Innova Crysta 2016-2020 2.8 GX AT BSIV,24,19,5
Maruti Wagon R LXI BS IV,24,22,2
Renault KWID RXT Optional,24,20,4
Ford Endeavour 3.2 Titanium AT 4X4,24,15,9
Ford Figo Petrol ZXI,24,20,4
Toyota Innova 2.5 V Diesel 7-seater,24,0,24
Hyundai Grand i10 Asta,24,21,3
Hyundai i20 Magna,23,19,4
Maruti Swift DDiS VDI,23,0,23
Hyundai Verna 1.6 SX VTVT (O),23,19,4
Maruti SX4 S Cross DDiS 200 Zeta,23,0,23
BMW 3 Series 320d Luxury Line,23,20,3
Maruti Wagon R CNG LXI BSIV,23,17,6
Hyundai Verna VTVT 1.6 SX,23,21,2
Hyundai Verna 1.6 SX VTVT,23,19,4
Toyota Fortuner 4x2 AT,23,21,2
Hyundai Santro Xing XL,23,0,23
Maruti A Star Vxi,23,0,23
Toyota Fortuner 4x4 MT,23,20,3
Toyota Innova 2.5 V Diesel 8-seater,23,0,23
Maruti Eeco 7 Seater Standard BSIV,23,22,1
Nissan Sunny Diesel XL,23,0,23
Maruti Swift Dzire AMT VDI,22,0,22
Hyundai EON 1.0 Era Plus,22,0,22
Toyota Fortuner 4x2 Manual,22,16,6
Maruti Swift LDI,22,0,22
Toyota Innova 2.5 VX (Diesel) 7 Seater,22,0,22
Honda City i DTEC V,22,17,5
Maruti Baleno Alpha 1.3,22,0,22
Maruti Swift VXi BSIV,22,20,2
Volkswagen Vento 1.5 TDI Highline AT,22,0,22
Maruti Swift Dzire ZXI,22,19,3
Hyundai EON Sportz,22,0,22
Hyundai Creta 1.4 CRDi S,22,20,2
Toyota Innova 2.5 VX (Diesel) 8 Seater,22,0,22
Honda Jazz 1.2 V AT i VTEC,22,15,7
Maruti Wagon R LXI BSIII,22,18,4
Hyundai i20 1.2 Asta Option,22,19,3
Maruti Ciaz 1.4 Alpha,21,16,5
Maruti Baleno Delta Automatic,21,19,2
Maruti Vitara Brezza LDi Option,21,0,21
Nissan Terrano XL Plus 85 PS,21,0,21
Hyundai i10 Magna 1.2 iTech SE,21,0,21
Volkswagen Vento 1.2 TSI Highline AT,21,16,5
Hyundai Xcent 1.2 Kappa S,21,0,21
Maruti Swift 1.3 VXi,21,20,1
Audi Q3 2.0 TDI Quattro Premium Plus,20,0,20
Skoda Rapid 1.6 TDI Ambition,20,0,20
Mercedes-Benz C-Class 220 CDI AT,20,16,4
Honda Jazz 1.2 VX i VTEC,20,18,2
Mercedes-Benz GLE Class 250d,20,0,20
Toyota Innova Crysta 2016-2020 2.4 VX MT BSIV,20,17,3
Toyota Innova Crysta 2016-2020 2.4 VX MT 8S BSIV,20,20,0
Nissan Micra Diesel XV,20,0,20
Mahindra Scorpio 1.99 S10,20,18,2
Volkswagen Polo 1.5 TDI Comfortline,20,0,20
Honda City 2017-2020 GXi,20,15,5
Maruti Zen Estilo LXI BS IV,20,0,20
Maruti Swift ZDi,20,0,20
Maruti Ciaz VXi Plus,20,19,1
Hyundai Creta 1.6 VTVT SX Plus,20,15,5
Ford Aspire 1.5 TDCi Titanium,19,17,2
Maruti Celerio ZXI,19,15,4
Honda Brio V MT,19,0,19
BMW 3 Series 320d,19,16,3
Maruti Swift LXI Option,19,18,1
Skoda Superb Elegance 2.0 TDI CR AT,19,0,19
Maruti Swift LXI,19,15,4
Maruti Omni E MPI STD BS IV,19,0,19
Maruti Swift Dzire Tour 2012-2018 LDI,19,0,19
Mercedes-Benz M-Class ML 250 CDI,19,0,19
Hyundai i10 Sportz 1.2,19,15,4
Maruti Eeco CNG 5 Seater AC BSIV,19,17,2
Hyundai Creta 1.6 CRDi SX Plus,19,15,4
Hyundai i20 2015-2017 Magna 1.2,18,15,3
Maruti Swift VXI BSIV,18,14,4
Maruti Ritz VXI,18,0,18
Toyota Innova 2.5 G (Diesel) 7 Seater BS IV,18,0,18
Nissan Sunny XL,18,0,18
Honda Jazz 1.2 V i VTEC,18,14,4
Mahindra XUV500 W4,18,18,0
Ford Ecosport 1.5 DV5 MT Titanium Optional,18,17,1
Maruti Baleno Zeta,18,14,4
Maruti Baleno Zeta Automatic,18,15,3
Ford Ecosport 1.5 DV5 MT Trend,18,13,5
Hyundai i20 Magna 1.4 CRDi,18,16,2
Nissan Terrano XV 110 PS,18,0,18
Hyundai Creta 1.4 CRDi Base,18,14,4
Hyundai Grand i10 AT Asta,18,15,3
Renault KWID AMT,18,18,0
Audi A4 2.0 TDI 177 Bhp Premium Plus,18,0,18
Hyundai i20 Active 1.4 SX,18,0,18
Honda Civic 1.8 V MT,17,13,4
Mahindra XUV500 2011-2015 W8 FWD,17,12,5
Honda City i VTEC VX Option,17,14,3
Maruti Swift Dzire ZDI Plus,17,0,17
Tata Indigo CR4,17,0,17
Hyundai i20 1.4 CRDi Magna,17,15,2
Maruti Ignis 1.2 Delta BSIV,17,14,3
Audi A6 2.0 TDI Premium Plus,17,0,17
Volkswagen Polo Petrol Comfortline 1.2L,17,13,4
Hyundai i20 2015-2017 Sportz 1.2,17,17,0
Maruti Wagon R VXI Optional,17,17,0
Ford Ecosport 2015-2021 1.5 TDCi Titanium Plus BSIV,17,14,3
Mercedes-Benz CLA 200 CDI Sport,17,0,17
Toyota Innova Crysta 2016-2020 2.4 GX MT BSIV,17,14,3
Honda City 1.5 V AT,17,15,2
Toyota Corolla Altis G,17,0,17
Hyundai EON D Lite,16,0,16
Hyundai i10 Sportz AT,16,0,16
Ford Figo Diesel LXI,16,15,1
Renault Duster 85PS Diesel RxE,16,0,16
Ford Ecosport 2015-2021 1.5 Diesel Titanium Plus BSIV,16,12,4
BMW X1 sDrive20d,16,12,4
Mahindra XUV500 W10 AWD,16,12,4
Toyota Innova 2.5 GX (Diesel) 7 Seater,16,0,16
Mercedes-Benz C-Class C 220 CDI Avantgarde,16,15,1
Volkswagen Polo 1.2 MPI Highline,16,13,3
Ford Figo 1.2P Titanium MT,16,13,3
Tata Safari 2005-2017 DICOR 2.2 EX 4x2,16,16,0
Chevrolet Spark 1.0 LT,16,0,16
Audi A4 2.0 TDI,16,0,16
Hyundai Verna 1.6 CRDi EX MT,16,13,3
Hyundai i20 Magna Optional 1.2,16,12,4
Maruti Swift VDI Optional,16,0,16
Mahindra Bolero Power Plus ZLX,16,0,16
Honda City S,16,13,3
Maruti Baleno Alpha,16,14,2
Hyundai Xcent 1.2 VTVT S,16,0,16
Datsun GO Plus T BSIV,16,16,0
Tata Nexon 1.5 Revotorq XZ Plus,16,16,0
Hyundai Xcent 1.1 CRDi S,16,0,16
Honda City i VTEC CVT SV,16,14,2
Mahindra XUV500 W8 4WD,16,13,3
Toyota Innova Crysta 2016-2020 2.4 ZX MT BSIV,16,15,1
Volkswagen Polo Petrol Highline 1.2L,16,12,4
Hyundai Grand i10 1.2 Kappa Magna AT,16,15,1
Maruti Swift Dzire VDI Optional,15,0,15
Mercedes-Benz GL-Class 350 CDI Blue Efficiency,15,0,15
Audi A6 2.0 TDI,15,0,15
Hyundai i20 Asta Option 1.2,15,12,3
Maruti Ertiga ZDI Plus,15,0,15
Maruti Alto K10 VXI AGS,15,0,15
Hyundai Grand i10 1.2 CRDi Sportz,15,0,15
Honda City i DTec V,15,15,0
Honda City i VTEC S,15,14,1
BMW 5 Series 520d Sedan,15,14,1
Hyundai i20 Asta,15,11,4
Maruti Wagon R LXI DUO BSIII,15,0,15
Hyundai i20 1.2 Magna Executive,15,12,3
Maruti Swift Dzire AMT VXI,15,13,2
Toyota Corolla Altis Diesel D4DG,15,0,15
Mahindra Xylo D4,15,0,15
Mahindra Bolero 2011-2019 ZLX,15,12,3
Maruti Eeco 5 STR With AC Plus HTR CNG,15,12,3
Tata Nexon 1.2 Revotron XM,15,13,2
BMW 5 Series 530d M Sport,15,13,2
Nissan Sunny Diesel XV,15,0,15
Toyota Corolla Altis VL AT,15,0,15
Hyundai Grand i10 1.2 Kappa Sportz AT,15,10,5
Maruti Swift ZXI,15,13,2
Chevrolet Cruze LTZ,14,0,14
Mitsubishi Pajero Sport 4X4,14,0,14
Honda Jazz 1.5 V i DTEC,14,0,14
Maruti Zen Estilo LXI BSIII,14,0,14
Hyundai Xcent 1.2 Kappa SX,14,0,14
Toyota Fortuner 2016-2021 2.8 2WD MT BSIV,14,14,0
Tata Indigo eLX BS IV,14,0,14
Honda City i DTec SV,14,12,2
Maruti Baleno Zeta 1.3,14,0,14
Maruti Swift VXI 2018,14,12,2
Chevrolet Cruze LTZ AT,14,0,14
Volkswagen Polo 2015-2019 1.2 MPI Highline,14,11,3
Ford Figo Diesel Celebration Edition,14,13,1
Volkswagen Ameo 1.2 MPI Comfortline,14,0,14
Ford Ecosport 2015-2021 1.5 Diesel Titanium,14,13,1
Mahindra Scorpio S10 7 Seater,14,11,3
Tata Nano XTA,14,0,14
Maruti Baleno Alpha Automatic,14,10,4
Hyundai Verna 1.4 VTVT,14,12,2
Maruti Ritz VXi,14,0,14
Hyundai i20 1.4 CRDi Sportz,14,11,3
Maruti Ertiga BSIV VXI,14,11,3
Maruti Swift Dzire Tour LXI,14,12,2
Mahindra XUV500 AT W10 FWD,14,14,0
Tata Indigo LX (TDI) BS-III,14,0,14
Honda Mobilio S i DTEC,14,0,14
Maruti Wagon R Stingray VXI,14,0,14
Hyundai i10 Sportz 1.2 AT,14,12,2
Toyota Fortuner 2016-2021 2.8 2WD AT,14,10,4
Ford Figo Petrol Titanium,14,10,4
Hyundai i10 Era 1.1,14,13,1
Toyota Etios V,13,0,13
Maruti Swift Dzire ZDi,13,0,13
Hyundai Verna 1.6 SX CRDI (O) AT,13,11,2
Mahindra Bolero DI,13,13,0
Maruti Estilo LXI,13,0,13
BMW 3 Series 320d Sport Line,13,13,0
Hyundai Creta 1.4 E Plus,13,11,2
Renault KWID Climber 1.0 AMT,13,10,3
Hyundai Xcent 1.1 CRDi Base,13,0,13
Mercedes-Benz E-Class E 220 CDI Avantgarde,13,12,1
Toyota Fortuner 2016-2021 2.8 2WD AT BSIV,13,13,0
Hyundai Elantra CRDi SX AT,13,10,3
Maruti Swift AMT VXI,13,12,1
Mercedes-Benz E-Class E250 CDI Avantgarde,13,9,4
Tata Hexa XT,13,13,0
Maruti Ertiga SHVS ZDI Plus,13,0,13
Honda Civic 1.8 V AT,13,12,1
Honda City i-VTEC CVT ZX,13,12,1
Maruti Wagon R CNG LXI,13,13,0
Ford Ecosport 2015-2021 1.5 Petrol Titanium BSIV,13,13,0
Audi Q3 35 TDI Quattro Premium Plus,13,0,13
Maruti Wagon R VXI BSIII,13,11,2
Mahindra Bolero 2011-2019 SLE,13,11,2
Mahindra KUV 100 mFALCON D75 K8,13,0,13
Maruti Vitara Brezza ZDi AMT,13,0,13
Maruti Ciaz 1.3 Alpha,13,0,13
Tata Nano Twist XT,13,0,13
Hyundai Santro Xing GL Plus,13,0,13
Ford Figo Petrol EXI,13,9,4
Volkswagen Vento Petrol Highline,13,10,3
BMW 7 Series 730Ld,13,12,1
Renault KWID 1.0 RXL,12,9,3
Honda City i DTec VX Option,12,11,1
Maruti Dzire VXI,12,12,0
Honda City i DTEC S,12,12,0
Maruti Alto K10 VXI Airbag,12,0,12
Maruti Alto LXI,12,0,12
Maruti Ritz VDI (ABS) BS IV,12,0,12
Nissan Micra XV CVT,12,0,12
Honda City i-VTEC V,12,11,1
BMW X1 sDrive 20d xLine,12,9,3
Honda Jazz 1.2 SV i VTEC,12,11,1
Honda Civic 1.8 S MT,12,11,1
Mercedes-Benz S-Class S 350 CDI,12,12,0
Maruti Swift Dzire AMT ZDI,12,0,12
Maruti Omni 8 Seater BSIV,12,0,12
Honda Amaze EX i-Dtech,12,10,2
Volkswagen Jetta 2.0L TDI Highline AT,12,0,12
Nissan Micra Active XV,12,0,12
Hyundai i20 Asta Option 1.4 CRDi,12,12,0
Maruti Swift Dzire 1.2 Vxi BSIV,12,9,3
Toyota Innova 2.5 GX (Diesel) 8 Seater,12,0,12
Ford Figo 1.5D Titanium MT,12,12,0
Hyundai Xcent 1.2 Kappa S Option,12,0,12
Honda City VX MT,12,10,2
Ford Freestyle Titanium Petrol BSIV,12,12,0
Honda Brio 1.2 VX MT,12,0,12
Honda City i DTec VX,12,9,3
Maruti 800 AC,12,0,12
Hyundai Verna 1.6 EX VTVT,12,11,1
Maruti A Star AT VXI,12,0,12
Maruti Vitara Brezza ZDi Plus AMT,12,0,12
Mahindra XUV500 W8 AWD,12,11,1
Renault KWID Climber 1.0 MT,12,9,3
Toyota Innova Crysta 2016-2020 2.8 GX AT 8S BSIV,12,9,3
Volkswagen Vento 1.6 Highline,12,12,0
Maruti Swift ZDI,12,0,12
Mahindra Quanto C6,12,0,12
Toyota Camry Hybrid,11,6,5
Honda Amaze E i-Dtech,11,10,1
Maruti Swift VVT VXI,11,10,1
Tata Zest Revotron 1.2 XT,11,0,11
Hyundai Verna CRDi 1.6 SX,11,10,1
Nissan Terrano XL 110 PS,11,0,11
BMW 5 Series 520d,11,9,2
Hyundai Creta 1.4 CRDi S Plus,11,10,1
Honda Jazz 1.5 VX i DTEC,11,0,11
Maruti Ciaz VXi,11,9,2
Maruti Swift AMT ZDI,11,0,11
Toyota Innova 2.5 GX (Diesel) 7 Seater BS IV,11,0,11
Ford Ecosport 2015-2021 1.5 TDCi Trend BSIV,11,11,0
BMW 3 Series 320d Prestige,11,9,2
Hyundai Santa Fe 4WD AT,11,0,11
Tata Zest Quadrajet 1.3 75PS XE,11,0,11
Toyota Innova 2.5 G4 Diesel 7-seater,11,0,11
Hyundai Verna VTVT 1.6 SX Option,11,8,3
Volkswagen Vento Petrol Comfortline,11,10,1
Volkswagen Polo Diesel Trendline 1.2L,11,0,11
Nissan Micra XL,11,0,11
Mahindra Bolero SLE,11,8,3
Mercedes-Benz E-Class E 200 CGI,11,9,2
Volkswagen Polo Petrol Trendline 1.2L,11,9,2
Tata Safari Storme VX,11,0,11
Honda Brio 1.2 S MT,11,0,11
Hyundai i20 Magna Plus BSIV,11,9,2
Maruti Swift LDI BSIV,11,0,11
Skoda Rapid 1.6 MPI Elegance,11,10,1
BMW X3 xDrive20d,11,10,1
Ford Ecosport 2015-2021 1.5 Ti VCT AT Titanium BSIV,11,11,0
Hyundai i20 Active 1.2 S,11,0,11
Volkswagen Ameo 1.5 TDI Highline,11,0,11
Mercedes-Benz E-Class E250 CDI Avantgrade,11,10,1
Hyundai i20 1.2 Asta Dual Tone,11,10,1
Hyundai i20 1.4 CRDi Asta,11,9,2
Maruti Ciaz VDi Plus,11,0,11
Tata Harrier XZ BSIV,11,10,1
Hyundai Grand i10 1.2 Kappa Sportz Dual Tone,11,10,1
Toyota Corolla Altis 1.8 VL AT,11,0,11
Jaguar XF 3.0 Litre S Premium Luxury,11,0,11
Audi Q5 2.0 TDI,11,0,11
Audi A4 2.0 TDI Multitronic,11,0,11
BMW 3 Series GT Luxury Line,11,0,11
Hyundai Xcent 1.2 VTVT SX,11,0,11
Skoda Rapid 1.5 TDI Elegance,10,0,10
Toyota Innova Crysta 2016-2020 2.4 GX MT 8S BSIV,10,10,0
Tata Indica eLX,10,0,10
Mahindra TUV 300 mHAWK100 T8,10,0,10
Jeep Compass 2.0 Limited,10,8,2
Hyundai Venue SX Opt Diesel BSIV,10,9,1
Mercedes-Benz E-Class E250 CDI Blue Efficiency,10,9,1
Tata Indica eLS,10,0,10
Hyundai Venue SX Plus Turbo DCT BSIV,10,9,1
Tata Nexon 1.5 Revotorq XM,10,8,2
Honda BRV i-VTEC V CVT,10,0,10
Mahindra Quanto C8,10,0,10
Toyota Innova 2.5 VX (Diesel) 7 Seater BS IV,10,0,10
Ford Fiesta Classic 1.4 Duratorq CLXI,10,0,10
Mercedes-Benz C-Class C 250 CDI Elegance,10,10,0
Skoda Rapid 1.6 TDI Elegance,10,0,10
Mahindra Thar 4X4,10,10,0
Volkswagen Polo 1.2 MPI Trendline,10,9,1
Maruti S-Cross 2017-2020 Alpha DDiS 200 SH,10,0,10
Maruti Swift ZDI BSIV,10,0,10
Honda City 2017-2020 EXi,10,8,2
Hyundai i20 2015-2017 Sportz 1.4 CRDi,10,9,1
Mercedes-Benz M-Class ML 350 4Matic,10,0,10
Honda Mobilio V i DTEC,10,0,10
Hyundai Xcent 1.1 CRDi SX Option,10,0,10
Hyundai i10 Magna 1.1,10,7,3
Ford Aspire 1.2 Ti-VCT Titanium,10,10,0
Mercedes-Benz GLA Class 200 d Sport,10,0,10
Hyundai EON Magna,10,0,10
Maruti Celerio ZXI Optional,10,8,2
Renault Pulse RxL,10,0,10
Maruti Ciaz ZDi Plus,10,0,10
Hyundai i20 Petrol Spotz,10,8,2
Maruti Swift Dzire VXI Optional,10,9,1
Hyundai Accent GLE,10,0,10
Audi A4 New  2.0 TDI Multitronic,10,0,10
Honda Mobilio S i VTEC,10,0,10
Honda Amaze S i-DTEC,10,9,1
Maruti Vitara Brezza VDi AMT,10,0,10
Maruti SX4 Vxi BSIV,10,0,10
Honda Brio E MT,10,0,10
Skoda Rapid 1.5 TDI AT Style Plus,10,0,10
Datsun RediGO 1.0 S,10,10,0
Hyundai Verna VTVT 1.6 AT SX Option,10,9,1
Hyundai Xcent 1.2 CRDi SX,10,0,10
Hyundai Creta 1.6 SX Option,10,8,2
BMW 5 Series 525d Sedan,10,10,0
Maruti SX4 ZXI MT BSIV,10,0,10
Mahindra Scorpio 1.99 S6 Plus,10,9,1
Mercedes-Benz S-Class S 350 L,10,9,1
Hyundai Xcent 1.1 CRDi SX,10,0,10
Hyundai Xcent 1.2 CRDi S,10,0,10
Datsun GO T BSIV,10,8,2
Maruti Swift VXI BSIII,10,9,1
Mahindra Thar CRDe AC,10,9,1
Maruti Wagon R VXI 1.2 BSIV,10,8,2
Mercedes-Benz E-Class E250 CDI Elegance,10,10,0
Hyundai Verna SX CRDi AT,10,6,4
Honda Jazz 1.2 S i VTEC,10,10,0
Maruti Ciaz ZXi Plus,10,5,5
Toyota Corolla Altis G AT,10,0,10
Honda Jazz V CVT,10,8,2
Toyota Corolla Altis GL,10,0,10
Honda Amaze S CVT i-VTEC,10,9,1
Maruti Zen Estilo VXI BSIV,10,0,10
Toyota Corolla Altis 1.8 VL CVT,10,0,10
Hyundai i20 Sportz Option 1.2,10,7,3
Renault KWID AMT RXL,10,9,1
Hyundai i20 1.4 Asta Option,10,9,1
Hyundai Verna 1.6 VTVT,9,7,2
Honda Amaze S AT i-Vtech,9,8,1
Maruti Eeco 5 Seater AC,9,5,4
Maruti Wagon R VXI 1.2,9,6,3
Volkswagen Vento Diesel Trendline,9,0,9
Audi Q3 35 TDI Quattro Premium,9,0,9
Hyundai i10 Sportz Option,9,0,9
Hyundai Verna 1.6 SX VTVT (O) AT,9,6,3
Toyota Etios Liva 1.4 GD,9,0,9
Maruti Celerio Green VXI,9,8,1
Hyundai i20 1.4 Asta,9,9,0
Maruti Swift Dzire LXI Option,9,7,2
Mahindra Scorpio EX,9,8,1
Maruti Wagon R VXI Minor,9,8,1
Honda BRV i-DTEC VX MT,9,0,9
Maruti Ignis 1.2 Zeta BSIV,9,8,1
Hyundai Verna CRDi 1.6 SX Option,9,6,3
Maruti Wagon R AMT VXI Option,9,9,0
Maruti Ertiga 1.5 VDI,9,0,9
Maruti Ciaz ZDi,9,0,9
Hyundai Verna CRDi 1.6 AT SX Plus,9,7,2
Tata Indica GLS BS IV,9,0,9
Honda Amaze SX i-DTEC,9,6,3
Skoda Rapid 1.5 TDI AT Elegance,9,0,9
Hyundai Creta 1.6 SX Option Diesel,9,8,1
Maruti Vitara Brezza LDi,9,0,9
Maruti Omni 8 Seater BSII,9,0,9
Maruti Ciaz VDi Option SHVS,9,0,9
Maruti Ciaz AT ZXi,9,9,0
Tata Indica DLS,9,0,9
Maruti 800 Std,9,0,9
Mahindra Scorpio S2 9 Seater,9,9,0
Hyundai Verna 1.6 VTVT SX,9,8,1
BMW 3 Series 320d Corporate Edition,9,8,1
Jaguar XJ 3.0L Portfolio,9,0,9
Skoda Octavia Elegance 2.0 TDI AT,9,0,9
Hyundai i20 2015-2017 Asta 1.2,9,9,0
Audi A3 35 TDI Premium Plus,9,0,9
Hyundai i20 Sportz Option 1.4 CRDi,9,8,1
Maruti Ertiga SHVS ZDI,9,0,9
Maruti Ertiga VXI Petrol,9,7,2
Jeep Compass 1.4 Sport,9,7,2
Maruti Ciaz ZXi,9,8,1
Toyota Etios VD,9,0,9
Hyundai Grand i10 1.2 CRDi Asta,9,0,9
Maruti Ciaz 1.4 Delta,9,7,2
Honda Brio VX,9,0,9
Mahindra Bolero 2011-2019 SLX 2WD BSIII,9,8,1
Mahindra Verito 1.5 D4 BSIV,9,0,9
Hyundai Grand i10 CRDi Asta,9,0,9
Mahindra XUV500 AT W10 AWD,9,9,0
Toyota Innova 2.5 G4 Diesel 8-seater,9,0,9
Maruti Swift LXI Optional-O,9,7,2
Maruti Ciaz ZDi SHVS,9,0,9
Honda City ZX CVT,9,9,0
Chevrolet Enjoy TCDi LS 8 Seater,9,0,9
Maruti Ciaz VDI SHVS,9,0,9
Hyundai Grand i10 1.2 CRDi Magna,9,0,9
Hyundai i20 2015-2017 Asta 1.4 CRDi,9,8,1
Nissan Terrano XV Premium 110 PS,9,0,9
Maruti SX4 VDI,9,0,9
Hyundai i20 Magna Optional 1.4 CRDi,9,8,1
Tata Zest Quadrajet 1.3 75PS XMS,9,0,9
Hyundai Santro Sportz BSIV,9,7,2
Honda Amaze S Petrol BSIV,8,7,1
Tata Zest Quadrajet 1.3 XM,8,0,8
Honda New Accord 2008-2011 2.4 MT,8,0,8
Renault Duster 85PS Diesel RxL Option,8,0,8
Mahindra Scorpio S11 BSIV,8,8,0
Hyundai i20 2015-2017 Asta Option 1.4 CRDi,8,7,1
Maruti Ciaz Delta BSIV,8,8,0
Hyundai i20 1.4 Sportz,8,8,0
Mahindra TUV 300 T6 Plus,8,0,8
BMW 5 Series 520d Sport Line,8,7,1
Hyundai Santa Fe 2WD AT,8,0,8
Maruti Zen Estilo 1.1 LXI BSIII,8,0,8
Honda Amaze V CVT Petrol BSIV,8,8,0
Maruti Baleno Alpha CVT,8,8,0
Honda Mobilio V i VTEC,8,0,8
Hyundai Creta 1.6 VTVT E Plus,8,7,1
Mahindra Scorpio S2,8,7,1
Mahindra Scorpio S10 8 Seater,8,6,2
Chevrolet Aveo U-VA 1.2 LS,8,0,8
Maruti Swift Dzire ZXI Plus,8,8,0
Mahindra Bolero Power Plus Plus AC BSIV PS,8,0,8
Toyota Innova Crysta 2016-2020 2.4 VX MT,8,7,1
Ford Ecosport 2015-2021 1.5 Petrol Titanium Plus AT BSIV,8,5,3
Honda City i-DTEC VX,8,6,2
Maruti SX4 S Cross DDiS 200 Sigma,8,0,8
Hyundai Creta 1.6 VTVT S,8,6,2
Honda WR-V i-DTEC S,8,5,3
Toyota Fortuner 4x4 AT,8,8,0
BMW 3 Series 320d Sedan,8,8,0
Honda BRV i-VTEC S MT,8,0,8
Porsche Cayenne Diesel,8,0,8
Hyundai i20 Magna 1.4 CRDi (Diesel),8,6,2
Honda Jazz 1.5 SV i DTEC,8,0,8
Datsun RediGO S,8,6,2
Honda Amaze VX Petrol,8,7,1
Mahindra Bolero SLX,8,7,1
Hyundai Verna CRDi,8,7,1
Maruti Wagon R VXI with ABS,8,6,2
Nissan Terrano XL 85 PS,8,0,8
Skoda Superb 1.8 TFSI MT,8,7,1
Ford Ecosport 1.5 Ti VCT AT Titanium,8,6,2
Mahindra Bolero Power Plus SLX,8,0,8
Honda Amaze S Petrol,8,7,1
Maruti Wagon R VXI AMT,8,8,0
BMW 3 Series 320d Highline,8,8,0
Volkswagen Vento Petrol Trendline,8,8,0
Hyundai Grand i10 Asta Option AT,8,4,4
Audi Q7 2006-2020 3.0 TDI Quattro Premium Plus,8,7,1
Maruti Wagon R LXI CNG Optional,8,6,2
Honda City i-VTEC CVT V,8,7,1
Tata Hexa XM,8,8,0
Tata Zest Revotron 1.2T XMS,8,0,8
Audi A6 35 TDI,8,0,8
Volkswagen Vento Diesel Comfortline,8,0,8
Tata Indigo LX (TDI) BS III,8,0,8
Honda City 1.5 V MT Exclusive,8,7,1
Maruti Swift LDI Optional,8,0,8
Tata Safari Storme LX,8,0,8
Maruti Wagon R LX BS IV,8,7,1
Maruti Zen Estilo VXI BSIII,8,0,8
Maruti Alto K10 VXI AGS Optional,8,0,8
Hyundai Creta 1.6 SX Automatic Diesel,8,7,1
Maruti Ignis 1.2 Alpha BSIV,8,7,1
Maruti Baleno Zeta CVT,8,8,0
Honda Amaze SX i-VTEC,8,6,2
Chevrolet Beat PS,8,0,8
Maruti Alto LX BSIII,8,0,8
Ford Aspire 1.5 TDCi Trend,8,6,2
Maruti Zen LXI,8,0,8
Maruti Swift ZXI Plus,8,7,1
Maruti Celerio ZXI Optional AMT BSIV,8,7,1
Tata Zest Quadrajet 1.3 75PS XM,8,0,8
Tata Tiago 1.2 Revotron XZA,8,5,3
Tata Indigo LS (TDI) BS-III,8,0,8
Maruti Swift Ldi BSIV,8,0,8
Tata Tiago 1.05 Revotorq XZ,8,0,8
Renault Duster 85PS Diesel RxZ,8,0,8
Tata Sumo Gold EX,8,0,8
Renault Duster 85PS Diesel RxL Optional,8,0,8
Honda City V AT,7,7,0
BMW 3 Series GT 320d Luxury Line,7,7,0
Maruti Ciaz 1.4 AT Zeta,7,6,1
Maruti Ciaz VDi,7,0,7
Maruti Ciaz 1.4 AT Alpha,7,5,2
Volkswagen Ameo 1.2 MPI Highline,7,0,7
Toyota Camry 2.5 G,7,4,3
Nissan Micra Active XL Petrol,7,0,7
Maruti Wagon R LX,7,6,1
Renault KWID 1.0,7,6,1
Maruti Swift Dzire AMT ZXI,7,6,1
Skoda Superb 1.8 TSI MT,7,5,2
Datsun GO T Option BSIV,7,7,0
Hyundai Grand i10 Magna AT,7,5,2
Mercedes-Benz GL-Class 350 CDI Luxury,7,0,7
Renault Pulse RxZ,7,0,7
Maruti S-Presso VXI,7,6,1
Fiat Grande Punto 1.3 Dynamic (Diesel),7,0,7
Maruti Ciaz 1.3 Delta,7,0,7
Hyundai Grand i10 CRDi Asta Option,7,0,7
Renault Duster 85PS Diesel RxS,7,0,7
Ford Figo 1.5D Trend MT,7,5,2
Hyundai Santro Xing XL eRLX Euro III,7,0,7
Tata Tigor 1.2 Revotron XZ Option,7,5,2
Honda City i DTEC VX Option,7,7,0
Hyundai Xcent 1.2 Kappa SX Option,7,0,7
Datsun RediGO T,7,7,0
Toyota Fortuner 4X2 AT,7,6,1
Maruti Ciaz Alpha BSIV,7,7,0
Hyundai Verna 1.6 CRDi AT SX,7,6,1
Skoda Rapid 1.6 TDI Active,7,0,7
Maruti Ciaz Alpha Diesel,7,0,7
Hyundai i20 Active 1.2 SX,7,0,7
Hyundai Verna 1.6 CRDI SX Option,7,5,2
Honda Jazz S,7,3,4
Honda WR-V i-VTEC S,7,6,1
Toyota Camry Hybrid 2.5,7,7,0
Hyundai Verna 1.6 CRDI AT SX Option,7,4,3
Honda City i-VTEC S,7,5,2
Maruti Celerio VXI AMT BSIV,7,5,2
Maruti SX4 S Cross DDiS 200 Delta,7,0,7
Chevrolet Sail Hatchback LS ABS,7,0,7
Tata Nano XT,7,0,7
Honda City i VTEC E,7,5,2
Renault Duster 85PS Diesel RxL Plus,7,0,7
Honda City 1.5 S AT,7,6,1
Maruti Swift Dzire ZXi,7,7,0
Maruti Ertiga ZXI Plus Petrol,7,7,0
Ford Figo Aspire Facelift,7,6,1
Maruti Ertiga ZXI,7,5,2
Skoda Octavia Elegance 1.8 TSI AT,7,7,0
Maruti Zen Estilo 1.1 VXI BSIII,7,0,7
Mahindra XUV500 W11 BSIV,7,6,1
Skoda Superb LK 1.8 TSI AT,7,5,2
Mahindra Xylo H4,7,0,7
Maruti Swift 1.3 LXI,7,7,0
Honda City i-VTEC VX,7,5,2
Honda CR-V 2.4L 4WD AT,7,7,0
Maruti Swift ZDI Plus,7,0,7
Mahindra Scorpio 2009-2014 SLE 7S BSIV,7,7,0
Maruti Ertiga CNG VXI,7,6,1
Tata Vista TDI LS,7,0,7
Hyundai Verna CRDi 1.6 AT SX Option,7,6,1
Chevrolet Beat Diesel PS,7,0,7
Skoda Rapid 1.5 TDI AT Style BSIV,7,0,7
Hyundai EON Era,7,0,7
Honda Amaze VX Petrol BSIV,7,7,0
Tata Manza Aura Quadrajet BS IV,7,0,7
Ford Aspire 1.2 Ti-VCT Trend,7,6,1
Maruti Swift Dzire ZXI 1.2,7,7,0
Ford Ikon 1.3 Flair,7,0,7
Honda City i-DTEC ZX,7,4,3
Skoda Laura Ambiente 2.0 TDI CR AT,7,0,7
Mercedes-Benz E-Class 280 CDI,7,7,0
Hyundai Creta 1.6 VTVT SX Plus Dual Tone,7,4,3
Tata Indigo LX,7,0,7
Audi A5 Sportback,7,0,7
BMW X1 sDrive20d xLine,7,5,2
Honda City 1.5 V MT Sunroof,7,6,1
Maruti Eeco 5 Seater Standard BSIV,7,7,0
Hyundai Elantra CRDi SX,7,7,0
Hyundai Santro Sportz AMT,7,6,1
Mahindra TUV 300 T4,7,0,7
Audi Q3 2.0 TDI,7,0,7
Toyota Corolla Altis G MT,7,0,7
Toyota Innova 2.5 G (Diesel) 8 Seater BS IV,7,0,7
Hyundai Grand i10 1.2 Kappa Sportz Option,7,5,2
Fiat Grande Punto EVO 1.3 Active,7,0,7
Maruti Celerio ZXI MT BSIV,7,6,1
Mahindra XUV500 AT W6 2WD,7,7,0
Mahindra XUV500 W10 1.99 mHawk,7,6,1
Mercedes-Benz GLA Class 200 Sport,7,0,7
Maruti A Star Lxi,7,0,7
Honda City i-VTEC CVT VX,7,5,2
Mahindra XUV500 R W10 FWD,7,7,0
Ford Ecosport 2015-2021 1.5 Diesel Titanium Plus,7,5,2
Renault Scala Diesel RxL,7,0,7
Toyota Fortuner 2016-2021 2.8 4WD AT BSIV,7,6,1
Mercedes-Benz CLA 200 CGI Sport,7,0,7
Hyundai Grand i10 AT Sportz,7,6,1
Maruti Swift Dzire AMT VXI BS IV,7,7,0
Honda Jazz X,7,5,2
Tata Indigo LS,7,0,7
Honda Amaze VX i-VTEC,7,7,0
Skoda Fabia 1.2L Diesel Classic,6,0,6
Chevrolet Beat Diesel,6,0,6
Tata Indica Vista Terra 1.4 TDI,6,0,6
Maruti Ciaz Delta Diesel,6,0,6
Hyundai i20 Asta Option BSIV,6,6,0
Renault Fluence Diesel E4,6,0,6
Maruti SX4 Vxi BSIII,6,0,6
Maruti Swift Dzire AMT ZXI Plus,6,5,1
Ford Freestyle Titanium Diesel BSIV,6,6,0
Maruti SX4 S Cross DDiS 200 Alpha,6,0,6
Maruti Swift Dzire AMT ZXI Plus BS IV,6,5,1
Mahindra Marazzo M8,6,6,0
Honda Amaze EX i-Vtech,6,5,1
Volkswagen Polo GT TDI,6,0,6
Hyundai Xcent 1.2 VTVT E,6,0,6
Hyundai i20 Active SX Petrol,6,0,6
Tata Hexa XTA,6,6,0
Hyundai i20 1.4 Magna Executive,6,6,0
Toyota Corolla Altis 1.8 G,6,0,6
Chevrolet Sail 1.2 LS ABS,6,0,6
Audi A4 35 TDI Premium,6,0,6
Hyundai i10 Era 1.1 iTech SE,6,0,6
Volkswagen Polo 2015-2019 1.0 MPI Highline Plus,6,6,0
Tata Tiago 1.05 Revotorq XM,6,0,6
Datsun GO Plus T Option BSIV,6,5,1
Mahindra Bolero 2011-2019 ZLX BSIII,6,5,1
Hyundai Santa Fe 4X4,6,0,6
Mercedes-Benz GLS 2016-2020 350d 4MATIC,6,5,1
Maruti Eeco CNG 5 Seater AC,6,6,0
Maruti Wagon R LXI Optional,6,5,1
Honda Amaze VX AT i-Vtech,6,6,0
Ford Ecosport 2015-2021 1.5 Petrol Titanium AT,6,6,0
Tata Tiago 1.05 Revotorq XT,6,0,6
BMW X1 sDrive 20D xLine,6,4,2
Nissan Micra Active XV Petrol,6,0,6
Mahindra Quanto C4,6,0,6
Tata Zest AMT Quadrajet 1.3 XMA,6,0,6
Nissan Sunny XV,6,0,6
Maruti S-Presso VXI Plus,6,5,1
Honda City 2017-2020 VTEC,6,5,1
Tata Safari 2005-2017 DICOR 2.2 EX 4x2 BS IV,6,6,0
Renault Duster 110PS Diesel RxL Explore,6,0,6
Skoda Rapid 1.6 MPI AT Elegance,6,3,3
Hyundai i20 1.2 Era,6,5,1
Tata Tigor 1.2 Revotron XT,6,6,0
Isuzu D-Max V-Cross 4X4,6,6,0
BMW 3 Series 320i,6,6,0
Honda Jazz V,6,5,1
Maruti 800 AC BSII,6,0,6
Maruti SX4 Zxi BSIII,6,0,6
Ford Fiesta Titanium 1.5 TDCi,6,0,6
Mahindra Supro VX 8 Str,6,0,6
BMW X5 xDrive 30d,6,6,0
Ford Ecosport 2015-2021 1.5 Diesel Trend Plus BSIV,6,4,2
BMW 6 Series GT 630d Luxury Line,6,5,1
Maruti Alto 800 VXI Optional,6,5,1
Hyundai Xcent 1.2 Kappa Base,6,0,6
Skoda Rapid 1.6 MPI Ambition Plus,6,6,0
Toyota Innova 2.5 GX 7 STR BSIV,6,0,6
Skoda Octavia Ambition 2.0 TDI AT,6,0,6
Mahindra TUV 300 T4 Plus,6,0,6
Maruti Swift Dzire AMT ZDI Plus,6,0,6
Nissan Micra XV,6,0,6
Toyota Innova 2.5 ZX Diesel 7 Seater,6,0,6
Maruti Swift Dzire LDi,6,0,6
Maruti Ritz LXi,6,0,6
Tata Nexon 1.5 Revotorq XT,6,5,1
Fiat Punto 1.3 Active,6,0,6
Honda Amaze VX Diesel,6,5,1
Hyundai Xcent 1.2 Kappa AT SX Option,6,0,6
Honda Amaze VX i-Vtech,6,6,0
Hyundai i20 2015-2017 Magna 1.4 CRDi,6,4,2
Hyundai Santro Xing XO,6,0,6
Ford Ecosport 1.5 Ti VCT MT Titanium,6,4,2
Toyota Innova 2.5 GX (Diesel) 8 Seater BS IV,6,0,6
Mahindra Scorpio VLX 2WD AIRBAG BSIV,6,4,2
Ford Ecosport 1.5 DV5 MT Ambiente,6,5,1
Tata Nano Cx,6,0,6
Maruti Ciaz Alpha Automatic BSIV,6,6,0
Hyundai Santro Era,6,6,0
Maruti Ignis 1.2 AMT Zeta BSIV,6,4,2
Mahindra Bolero Power Plus SLE,6,0,6
Toyota Etios Liva VX,6,0,6
Tata Zest Quadrajet 1.3 XT,6,0,6
Fiat Punto 1.3 Emotion,6,0,6
Maruti SX4 ZDI,6,0,6
Tata Hexa XMA,6,4,2
Hyundai i20 2015-2017 Sportz Option 1.2,6,4,2
Fiat Grande Punto EVO 1.3 Dynamic,6,0,6
Mahindra Scorpio M2DI,6,5,1
Ford Fiesta 1.4 Duratorq ZXI,6,0,6
Maruti Swift LXi BSIV,6,4,2
Maruti Alto 800 LX,6,6,0
Maruti Wagon R VXI Plus,6,5,1
Mahindra KUV100 NXT D75 K8 Dual Tone,6,0,6
Mahindra KUV 100 mFALCON G80 K8,6,6,0
MG Hector Sharp AT BSIV,6,5,1
Toyota Camry 2.5 Hybrid,6,5,1
Hyundai Elantra SX AT,6,6,0
Audi A6 35 TDI Technology,6,0,6
Hyundai Creta 1.6 SX,6,6,0
Hyundai Grand i10 1.2 CRDi Sportz Option,6,0,6
Toyota Fortuner 4x2 4 Speed AT,6,5,1
Mahindra TUV 300 T6,6,0,6
Tata Indigo eLS BS IV,6,0,6
Maruti Ertiga VXI ABS,6,6,0
Hyundai Santro Sportz AMT BSIV,6,6,0
Tata Indica Vista TDI LS,6,0,6
Maruti Swift Dzire VXi AT,6,6,0
Skoda Kodiaq 2.0 TDI Laurin Klement,6,0,6
Toyota Corolla Altis 1.8 G CVT,6,0,6
Hyundai Verna 1.4 CRDi,6,6,0
Skoda Rapid 1.6 MPI AT Ambition Plus,6,5,1
Renault Scala Diesel RxZ,6,0,6
Honda Amaze E i-Vtech,6,5,1
Audi A4 35 TDI Technology,6,0,6
Hyundai Xcent 1.1 CRDi S Option,6,0,6
Hyundai i20 Sportz Petrol,6,5,1
Audi A4 35 TDI Premium Plus,6,0,6
Maruti Ignis 1.2 Sigma BSIV,6,5,1
Honda City i DTec S,6,5,1
Mercedes-Benz C-Class C 220 CDI BE Avantgarde,6,6,0
Tata Nano Lx,6,0,6
Hyundai Santa Fe 4X2,5,0,5
Mahindra Ssangyong Rexton RX7,5,0,5
Hyundai Verna 1.6 CRDi S,5,5,0
Hyundai Grand i10 1.2 CRDi Sportz Dual Tone,5,0,5
BMW X5 xDrive 30d M Sport,5,3,2
Maruti SX4 S Cross DDiS 320 Alpha,5,0,5
Honda New Accord 2011-2014 2.4 A/T,5,0,5
Mahindra Xylo D4 BSIV,5,0,5
Renault Triber RXZ BSIV,5,5,0
Mahindra Scorpio S7 140 BSIV,5,4,1
Nissan Micra Diesel XV Premium,5,0,5
Ford Ecosport 2015-2021 1.5 Petrol Titanium,5,5,0
Maruti Alto Std,5,0,5
Ford Figo 1.2P Titanium Plus MT,5,5,0
Honda Civic ZX BSIV,5,5,0
Mitsubishi Pajero Sport 4X2 AT,5,0,5
Tata Sumo EX,5,0,5
Volkswagen Ameo 1.5 TDI Highline AT,5,0,5
Mercedes-Benz C-Class C 250 CDI Avantgarde,5,4,1
Maruti Swift AMT ZXI,5,5,0
Maruti Omni E 8 Str STD,5,0,5
Honda BRV i-VTEC VX MT,5,0,5
Renault Captur 1.5 Diesel RXT,5,0,5
Chevrolet Tavera Neo 3 10 Seats BSIII,5,0,5
Mahindra Verito 1.5 D6 BSIV,5,0,5
Hyundai Santa Fe 4x4 AT,5,0,5
Mahindra XUV500 W4 1.99 mHawk,5,5,0
Mahindra Scorpio S3 9 Seater BSIV,5,5,0
Volkswagen Jetta 2.0L TDI Highline,5,0,5
Hyundai i20 2015-2017 Asta Option 1.2,5,5,0
Hyundai i20 Sportz Plus BSIV,5,4,1
Audi Q3 35 TDI Quattro Technology,5,0,5
Hyundai Elantra SX,5,3,2
Maruti 800 AC BSIII,5,0,5
Maruti Ritz LXI,5,0,5
Tata Nexon 1.5 Revotorq XZ Plus Dual Tone,5,5,0
Ford Ecosport 2015-2021 1.5 Diesel Trend BSIV,5,5,0
BMW 3 Series 320d Sport,5,2,3
Land Rover Range Rover Evoque 2.2L Dynamic,5,5,0
Volkswagen Passat Diesel Highline 2.0 TDI,5,0,5
Audi Q7 2006-2020 3.0 TDI quattro,5,4,1
Land Rover Discovery Sport 2015-2020 SD4 HSE Luxury 7S,5,3,2
Volkswagen Jetta 2.0L TDI Comfortline,5,0,5
Mahindra XUV500 W5 BSIV,5,5,0
Tata Manza Aqua Quadrajet BS IV,5,0,5
BMW 3 Series 320d GT Luxury Line,5,5,0
Maruti Celerio VXI CNG BSIV,5,4,1
Mahindra Scorpio SLE BSIV,5,4,1
Mahindra Scorpio SLE BSIII,5,5,0
Honda CR-V 2.0L 2WD AT,5,4,1
BMW X1 xDrive 20d xLine,5,2,3
Mahindra Scorpio 1.99 S10 4WD,5,5,0
Maruti Ciaz VXi Option,5,5,0
BMW X5 xDrive 30d xLine,5,5,0
Volkswagen Polo 2015-2019 GT TSI Sport Edition,5,5,0
Hyundai i20 Active 1.2,5,0,5
Nissan Sunny XL AT Special Edition,5,0,5
Maruti Ciaz 1.4 Zeta,5,5,0
Ford Ecosport 2015-2021 1.5 TDCi Trend Plus BSIV,5,3,2
Mahindra TUV 300 T10,5,0,5
Ford Aspire 1.5 TDCi Titanium Plus,5,3,2
Hyundai Verna 1.6 SX VTVT AT,5,4,1
Maruti Ertiga CNG VXI BSIV,5,4,1
Skoda Laura 1.9 TDI AT Ambiente,5,0,5
Ford Fiesta 1.5 TDCi Titanium,5,0,5
Hyundai i20 Diesel Sportz,5,4,1
Volkswagen Vento 1.5 TDI Comfortline,5,0,5
Renault Scala RxL,5,0,5
Maruti Alto 800 LXI BSIV,5,4,1
Mercedes-Benz GLE Class 350d,5,0,5
Maruti Wagon R Duo Lxi,5,0,5
Ford Ecosport 2015-2021 1.5 Ti VCT MT Ambiente BSIV,5,5,0
Mahindra Scorpio BSIV,5,3,2
Maruti Wagon R AMT VXI Plus,5,4,1
Skoda Octavia 1.8 TSI AT L K,5,3,2
Mahindra Scorpio VLX 2WD BSIV,5,4,1
Tata Indica DL BSIII,5,0,5
Tata Indica DLS BSIII,5,0,5
Mahindra Xylo E8,5,0,5
BMW X5 xDrive 30d Design Pure Experience 5 Seater,5,5,0
Hyundai i20 Active SX Diesel,5,0,5
Toyota Innova Crysta 2016-2020 2.4 VX MT 8 STR,5,4,1
Ford Ecosport 2015-2021 1.5 Petrol Titanium Plus,5,4,1
Hyundai Grand i10 Nios AMT Sportz,5,5,0
Tata Indigo eVX,5,0,5
Hyundai Venue SX Turbo,5,4,1
Mercedes-Benz C-Class C 220d Avantgarde Edition C,5,5,0
Volkswagen Jetta 2.0 TDI Comfortline,5,0,5
Hyundai Santro Xing GLS LPG,5,0,5
Tata Manza Aqua Quadrajet,5,0,5
Volkswagen Polo 2015-2019 1.2 MPI Highline Plus,5,5,0
Honda Brio VX AT,5,0,5
Hyundai Creta 1.4 EX Diesel,5,5,0
Mahindra Bolero SLE BSIII,5,5,0
Tata Safari Storme VX Varicor 400,5,0,5
Honda CR-V 2.4 AT,5,4,1
Maruti Dzire VXI AT,5,5,0
Mahindra Scorpio 1.99 S4 Plus,5,4,1
Ford Ecosport 2015-2021 1.5 Ti VCT MT Titanium BSIV,5,5,0
Ford Ecosport 2015-2021 Signature Edition Diesel BSIV,5,5,0
Toyota Innova Crysta 2016-2020 2.4 GX MT,5,5,0
Tata Indica Vista Aqua 1.3 Quadrajet,5,0,5
Honda BRV i-DTEC S MT,5,0,5
Skoda Rapid 1.6 TDI Ambition Plus,5,0,5
Skoda Octavia 2.0 TDI AT L K,5,0,5
Ford Aspire Titanium Diesel BSIV,5,4,1
Hyundai i10 Asta,5,0,5
Skoda Rapid 1.5 TDI Ambition Plus,5,0,5
Hyundai Venue SX Turbo BSIV,5,5,0
Mahindra Bolero SLX 2WD,5,2,3
Ford Ecosport 2015-2021 1.5 Diesel Ambiente,5,5,0
Volkswagen Vento 1.2 TSI Comfortline AT,5,3,2
Tata Indica Vista TDI LX,5,0,5
Ford Classic 1.4 Duratorq Titanium,5,0,5
Mahindra Scorpio VLS AT 2.2 mHAWK,5,5,0
Honda BRV i-VTEC V MT,5,0,5
Audi A6 35 TDI Premium,5,0,5
Mahindra XUV500 AT W8 FWD,5,5,0
Chevrolet Sail LS ABS,5,0,5
Ford Ecosport 2015-2021 1.5 Diesel Trend,5,5,0
Kia Seltos HTK Plus G,5,3,2
BMW 7 Series 730Ld Sedan,5,4,1
Ford Endeavour 3.0L 4X4 AT,5,5,0
BMW 1 Series 118d Sport Line,5,0,5
Chevrolet Sail 1.2 Base,5,0,5
Mahindra KUV100 NXT G80 K2,5,5,0
Ford Freestyle Titanium Plus Petrol BSIV,5,4,1
Mercedes-Benz CLS 250 CDI,5,4,1
Maruti Celerio VXI MT BSIV,5,5,0
Toyota Innova Crysta 2016-2020 2.4 G MT 8 STR,5,3,2
Volkswagen Ameo 1.2 MPI Trendline,5,0,5
Tata Nano LX,5,0,5
Maruti S-Cross 2017-2020 Delta DDiS 200 SH,5,0,5
Maruti Ignis 1.2 AMT Delta BSIV,5,4,1
Tata Bolt Quadrajet XE,5,0,5
Maruti Swift Dzire LXi,5,5,0
Chevrolet Sail 1.2 LS,5,0,5
Skoda Rapid 1.5 TDI Ambition BSIV,5,0,5
Maruti Baleno Sigma 1.2,5,4,1
Maruti Ertiga BSIV ZXI Plus,5,2,3
Maruti Baleno Zeta Diesel,5,0,5
Mercedes-Benz E-Class E250 CDI Classic,5,5,0
Honda Mobilio RS i DTEC,5,0,5
Maruti SX4 S Cross DDiS 320 Zeta,5,0,5
Mercedes-Benz C-Class C 200 CGI Avantgarde,5,5,0
Maruti Swift Ldi BSIII,5,0,5
Hyundai i20 Era 1.4 CRDi,5,5,0
Mahindra Scorpio LX,5,5,0
Skoda Superb Style 1.8 TSI AT,5,4,1
Mercedes-Benz C-Class C 200 Kompressor Elegance AT,5,5,0
Datsun GO A,5,5,0
Toyota Innova 2.5 Z Diesel 7 Seater,5,0,5
Renault Pulse RxL Optional,5,0,5
Tata Indica LX BSIII,5,0,5
BMW 7 Series 740Li Sedan,5,4,1
Chevrolet Sail 1.3 LS,5,0,5
Ford Fiesta Classic 1.4 SXI Duratorq,5,0,5
Mahindra Scorpio S6 Plus 7 Seater,5,4,1
Maruti Swift VDi BSIII W/ ABS,5,0,5
Mercedes-Benz C-Class C 220 CDI Sport Edition,5,5,0
Maruti SX4 ZXI MT BSIV Leather,5,0,5
Maruti Ciaz RS ZDi Plus SHVS,5,0,5
Maruti Swift Dzire Tour S,5,5,0
Honda Amaze S Diesel,5,5,0
Hyundai Elantra 2.0 SX Option AT,5,4,1
Tata Zest Revotron 1.2T XM,5,0,5
Toyota Fortuner 4x2 AT TRD Sportivo,5,4,1
Maruti Baleno Alpha Diesel,5,0,5
Mercedes-Benz B Class B180 CDI,5,0,5
Volkswagen Tiguan 2.0 TDI Highline,5,0,5
Tata Tiago 1.2 Revotron XE,5,4,1
Maruti Swift Dzire Zdi BSIV,5,0,5
Mahindra Xylo D2,5,0,5
Honda City 1.5 E MT,5,4,1
Hyundai i10 Asta Sunroof AT,5,0,5
Hyundai Creta 1.4 S,5,5,0
Lexus ES 300h,5,4,1
Hyundai Xcent 2016-2017 VTVT Plus ABS,4,0,4
Tata Manza Aura Quadrajet,4,0,4
Maruti Ertiga ZXI AT Petrol,4,4,0
Mahindra Scorpio S8 7 Seater,4,3,1
Mitsubishi Outlander 2.4,4,0,4
Ford Fiesta 1.6 ZXi ABS,4,0,4
Tata Tigor 1.2 Revotron XZ,4,4,0
Hyundai Verna CRDi SX,4,4,0
Maruti Celerio ZDi,4,0,4
Maruti Eeco CNG HTR 5-STR,4,4,0
BMW 6 Series GT 630i Luxury Line,4,4,0
Ford Classic 1.4 Duratorq CLXI,4,0,4
Honda Amaze S CVT Petrol BSIV,4,4,0
Volkswagen Polo 1.5 TDI Trendline,4,0,4
Mahindra Thar DI 4X4,4,4,0
Mahindra Marazzo M2,4,4,0
Honda Brio 1.2 S Option MT,4,0,4
Tata Nexon 1.2 Revotron XZA Plus,4,4,0
Toyota Innova Crysta 2016-2020 2.4 G MT,4,4,0
Hyundai Verna VTVT 1.4 EX,4,4,0
Maruti Celerio LXI,4,3,1
Jaguar XF 2.0 Diesel Portfolio,4,0,4
Mahindra Ssangyong Rexton RX5,4,0,4
Maruti Wagon R Stingray VXI Optional,4,0,4
Hyundai Elantra 1.6 SX Option AT,4,3,1
Hyundai Xcent 1.2 CRDi E Plus,4,0,4
Ford Ecosport 1.0 Ecoboost Titanium,4,1,3
Toyota Corolla Altis D-4D G,4,0,4
Maruti Baleno Delta Diesel,4,0,4
Honda New Accord 2008-2011 2.4 Elegance A/T,4,0,4
Mahindra Scorpio VLX SE BSIV,4,3,1
Mahindra Bolero B4,4,4,0
Hyundai i20 1.2 Sportz Option,4,3,1
Hyundai Venue SX Plus Turbo DCT,4,1,3
Volkswagen Vento Petrol Highline AT,4,4,0
Mahindra Scorpio Intelli Hybrid S10,4,2,2
Maruti Baleno RS 1.0 Petrol,4,0,4
Audi Q3 2.0 TDI Quattro,4,0,4
Toyota Etios Cross 1.4L VD,4,0,4
Chevrolet Enjoy 1.3 TCDi LS 8,4,0,4
Mercedes-Benz S-Class S 350 CDIL,4,4,0
Honda New Accord 2011-2014 2.4 M/T,4,0,4
Maruti Ertiga BSIV VXI AT,4,4,0
Land Rover Discovery Sport 2015-2020 TD4 HSE,4,3,1
Nissan Sunny XL CVT,4,0,4
Mercedes-Benz C-Class C 200 AVANTGARDE,4,3,1
BMW X1 sDrive20d Expedition,4,4,0
Maruti Alto 800 VXI Airbag,4,4,0
Renault KWID 1.0 RXT BSIV,4,3,1
Hyundai Creta 1.6 SX Automatic,4,2,2
Audi Q3 2015-2017 30 TDI,4,0,4
Honda City SV MT,4,4,0
Maruti Baleno Sigma,4,4,0
Honda Jazz 1.2 S AT i VTEC,4,4,0
Ford Endeavour 2.5L 4X2 MT,4,4,0
Maruti Celerio VXI AT Optional,4,4,0
Hyundai i20 Active S Petrol,4,0,4
Mahindra XUV500 AT W10 1.99 mHawk,4,4,0
Audi Q5 2.0 TDI Premium Plus,4,0,4
Renault Duster 110PS Diesel RxZ AMT,4,0,4
Maruti Swift ZXI ABS,4,3,1
Toyota Etios Cross 1.4L GD,4,0,4
Datsun redi-GO T Option,4,4,0
Honda Jazz VX,4,4,0
Datsun RediGO AMT 1.0 S,4,4,0
Honda Brio 1.2 VX AT,4,0,4
Toyota Corolla Altis Diesel D4DGL,4,0,4
Mahindra Scorpio 1.99 S4 9S,4,4,0
Renault Koleos 2.0 Diesel,4,0,4
Honda Brio S Option MT,4,0,4
Volkswagen Vento 1.5 TDI Comfortline AT,4,0,4
Hyundai EON LPG Magna Plus,4,0,4
Audi A8 L 3.0 TDI quattro,4,0,4
BMW 3 Series GT Sport,4,0,4
Maruti Ciaz AT ZXi Plus,4,2,2
Audi Q3 30 TDI Premium FWD,4,0,4
Ford Ecosport 1.5 Ti VCT MT Trend,4,3,1
Toyota Innova Crysta 2016-2020 2.4 ZX MT,4,2,2
Mercedes-Benz C-Class C 220CDIBE Avantgarde Command,4,2,2
Maruti Celerio ZXI AMT BSIV,4,4,0
Toyota Platinum Etios 1.4 GXD,4,0,4
Maruti Ciaz S 1.3,4,0,4
Tata Tigor 1.05 Revotorq XZ,4,0,4
Ford Ecosport 2015-2021 1.5 Petrol Titanium Plus AT,4,3,1
Mercedes-Benz C-Class 250 CDI Classic,4,3,1
Fiat Punto EVO 1.3 Dynamic,4,0,4
Datsun GO Plus T Option Petrol,4,3,1
Mahindra TUV 300 T8 AMT,4,0,4
Honda Amaze E i-VTEC,4,4,0
Tata Indigo LX BSIV,4,0,4
Mahindra Bolero 2011-2019 Plus AC BSIV PS,4,4,0
Honda City i-VTEC ZX,4,3,1
Honda City i DTEC E,4,4,0
Mahindra Scorpio 1.99 S4,4,4,0
Hyundai Grand i10 1.2 CRDi Era,4,0,4
Hyundai i20 Active 1.2 SX Dual Tone,4,0,4
Nissan Terrano XL,4,0,4
Tata Indica Vista Quadrajet VX,4,0,4
Maruti Wagon R VXI BS IV with ABS,4,4,0
Kia Seltos GTX Plus,4,2,2
Skoda Rapid 1.6 MPI AT Style BSIV,4,4,0
Toyota Corolla Altis D-4D GL,4,0,4
Mercedes-Benz GLA Class 200,4,0,4
Audi A3 35 TDI Premium,4,0,4
Volkswagen Ameo 1.0 MPI Comfortline,4,0,4
Volvo XC90 D5 Inscription BSIV,4,3,1
BMW X6 xDrive30d,4,0,4
Mercedes-Benz CLA 200 D Sport Edition,4,0,4
Renault Pulse Petrol RxL,4,0,4
Mercedes-Benz A Class A180 CDI,4,0,4
Hyundai Santro Xing XP,4,0,4
Maruti Ignis Zeta AMT,4,3,1
Toyota Innova Crysta 2016-2020 2.4 GX AT 8 STR,4,4,0
Maruti Swift Dzire 1.2 Lxi BSIV,4,3,1
Toyota Innova Crysta 2016-2020 2.4 G MT BSIV,4,4,0
Mahindra KUV 100 mFALCON D75 K4 Plus,4,0,4
Volkswagen CrossPolo 1.5 TDI,4,0,4
Hyundai Verna CRDi SX ABS,4,4,0
Mini Cooper 3 DOOR S,4,3,1
Ford Ecosport 2015-2021 1.5 Petrol Titanium Plus BSIV,4,4,0
Toyota Innova Crysta 2016-2020 2.4 GX AT,4,3,1
Kia Seltos HTX Plus D,4,3,1
Maruti S-Cross 2017-2020 Sigma DDiS 200 SH,4,0,4
Renault KWID 1.0 RXT 02 Anniversary Edition,4,4,0
Honda City 1.5 EXI,4,4,0
Tata Vista TDI LX,4,0,4
Maruti Wagon R LX DUO BSIII,4,0,4
Hyundai i20 Sportz AT 1.4,4,4,0
Maruti Vitara Brezza ZDi Plus AMT Dual Tone,4,0,4
Mahindra Jeep MM 540,4,0,4
Skoda Rapid 1.5 TDI Ambition With Alloy Wheel,4,0,4
Ford Ecosport 2015-2021 1.5 Petrol Trend BSIV,4,4,0
Mahindra Scorpio S5 BSIV,4,2,2
Volkswagen Ameo 1.2 MPI Highline 16 Alloy,4,0,4
Hyundai Creta 1.6 CRDi SX Plus Dual Tone,4,3,1
Audi Q7 2006-2020 35 TDI Quattro Premium Plus,4,4,0
Ford Freestyle Titanium Plus Diesel BSIV,4,4,0
Maruti Alto STD,4,0,4
Maruti Ciaz Alpha,4,4,0
Skoda Yeti Ambition 4X2,4,0,4
Mahindra Scorpio VLX 2WD BSIII,4,3,1
Land Rover Range Rover Evoque 2.2L Pure,4,3,1
Mahindra Thar 700 CRDe ABS,4,2,2
Maruti Celerio ZXI AT Optional,4,4,0
Mercedes-Benz C-Class C 200 Avantgarde Edition C,4,4,0
MG Hector Sharp Diesel MT,4,4,0
Honda Brio EX MT,4,0,4
Maruti Swift VXI with ABS,4,4,0
Ford Fiesta Classic 1.4 Duratorq LXI,4,0,4
Maruti Ignis 1.3 Delta,4,0,4
BMW X4 M Sport X xDrive20d,4,3,1
Honda Amaze VX CVT i-VTEC,4,4,0
Tata Sumo GX,4,0,4
Tata Indigo LS TDI BSIII,4,0,4
Maruti Wagon R DUO LPG,4,0,4
Skoda Rapid 1.6 MPI Ambition With Alloy Wheel,4,4,0
Chevrolet Sail Hatchback 1.2,4,0,4
Ford Endeavour 2.2 Trend AT 4X2,4,3,1
Audi A4 2.0 TFSI,4,3,1
Mahindra Scorpio 2009-2014 EX 2WD 7S,4,4,0
Hyundai Venue SX Dual Tone Turbo,4,3,1
Honda Accord V6 AT,4,0,4
Datsun RediGO A,4,4,0
Maruti Swift AMT VDI,4,0,4
Hyundai Creta 1.6 E Plus,4,3,1
Chevrolet Aveo 1.4 LS Limited Edition,4,0,4
Mahindra XUV500 AT W6 1.99 mHawk,4,4,0
Maruti Ritz ZDi,4,0,4
Volkswagen Polo 1.5 TDI Highline Plus,4,0,4
Toyota Fortuner 2016-2021 2.8 2WD MT,4,2,2
Hyundai Getz 1.1 GLE,4,0,4
Tata Tiago 1.05 Revotorq XZ WO Alloy,4,0,4
BMW 7 Series 730Ld DPE,4,4,0
Hyundai Grand i10 Era,4,3,1
Maruti Omni MPI STD BSIV,4,0,4
Tata Zest Quadrajet 1.3 XMS,4,0,4
Mahindra Verito 1.5 D4 BSIII,4,0,4
Hyundai Elantra 2.0 SX AT,4,4,0
Tata Tiago 1.2 Revotron XT Option,4,4,0
Honda Amaze VX CVT Diesel BSIV,4,3,1
Hyundai i20 Asta 1.4 CRDi (Diesel),4,4,0
Tata Hexa XE,4,4,0
Mahindra Bolero B6,4,4,0
Maruti XL6 Alpha,4,4,0
Maruti Swift LXI BSIV,4,4,0
Maruti Baleno Delta CVT,4,3,1
Hyundai i20 1.4 Asta (AT),4,4,0
Mercedes-Benz GLA Class 200 d Style,4,0,4
Maruti Swift Dzire LXI,4,4,0
Chevrolet Spark 1.0 PS,4,0,4
Hyundai i10 Magna AT,4,4,0
Volkswagen Polo 2015-2019 1.0 MPI Comfortline,4,4,0
Fiat Linea Emotion Pack (Diesel),4,0,4
Skoda Octavia 2.0 TDI AT Style Plus,4,0,4
Toyota Etios Cross 1.2L G,4,0,4
Volkswagen Vento 1.5 Highline Plus AT 16 Alloy,4,0,4
Hyundai i20 Petrol CVT Asta,4,3,1
Honda Jazz 1.5 S i DTEC,4,0,4
Mahindra Scorpio SLX 2.6 Turbo 8 Str,4,4,0
Mahindra XUV500 W11 Option BSIV,4,4,0
Maruti Swift VXI Glory Limited Edition,4,3,1
Mahindra Bolero 2011-2019 Plus AC,4,4,0
Ford Mustang V8,4,0,4
Hyundai EON LPG Era Plus,4,0,4
Mahindra Scorpio S10 AT 2WD,4,3,1
Hyundai i20 Era 1.2,4,2,2
Hyundai Verna 1.4 CX VTVT,4,2,2
Tata Tiago 1.2 Revotron XZ Plus,4,3,1
Land Rover Freelander 2 TD4 SE,4,0,4
Chevrolet Spark 1.0,4,0,4
Ford Ecosport 2015-2021 1.5 Diesel Ambiente BSIV,4,4,0
Datsun RediGO 1.0 T Option,4,4,0
Hyundai Sonata 2.4 GDi MT,4,0,4
Mahindra Xylo E4,4,0,4
Chevrolet Beat Diesel LT Option,4,0,4
Tata Nexon 1.2 Revotron XZ Plus,4,4,0
Volkswagen Vento 1.6 Comfortline,4,4,0
Mahindra KUV 100 mFALCON G80 K6 Plus,4,4,0
Mahindra Renault Logan 1.4 GLX Petrol,4,0,4
Hyundai Santro GLS I - Euro II,4,2,2
Maruti Ciaz Delta 1.5,4,0,4
Renault Duster 110PS Diesel RxZ Pack,4,0,4
Chevrolet Enjoy TCDi LS 7 Seater,4,0,4
Tata Manza Aura (ABS) Quadrajet BS IV,4,0,4
Fiat Grande Punto Active (Diesel),4,0,4
Skoda Laura 1.9 TDI MT Ambiente,4,0,4
Audi A4 30 TFSI Technology,4,3,1
Hyundai Santa Fe 2WD MT,4,0,4
Mahindra Marazzo M2 BSIV,4,4,0
Hyundai Verna Transform CRDi VGT SX ABS,4,2,2
Hyundai Grand i10 Nios Asta,4,1,3
Toyota Innova 2.5 G1 Diesel 8-seater,4,0,4
Toyota Etios VX,4,0,4
Skoda Superb LK 2.0 TDI AT,4,0,4
Mahindra NuvoSport N8,4,0,4
Mercedes-Benz GL-Class 220d 4MATIC Sport,4,3,1
Datsun GO T,4,4,0
Honda Amaze E i-DTEC,4,3,1
Hyundai Verna CRDi 1.4 EX,4,4,0
Mahindra XUV500 AT W8 1.99 mHawk,4,4,0
Honda City 2017-2020 VTEC Plus,4,3,1
Nissan Terrano XE 85 PS,4,0,4
Mahindra KUV 100 mFALCON D75 K4,4,0,4
Hyundai i20 Active 1.4 S,4,0,4
Mercedes-Benz C-Class C 200 CGI Elegance,4,4,0
Maruti Swift VDI BSIV W ABS,4,0,4
Maruti Swift AMT VXI BSIV,4,4,0
Volkswagen CrossPolo 1.2 MPI,4,0,4
Hyundai Verna 1.6 VTVT EX AT,4,3,1
Maruti Swift DDiS ZDI,4,0,4
Toyota Innova 2.5 GX 8 STR BSIV,4,0,4
Mahindra KUV 100 mFALCON G80 K2 Plus,4,4,0
BMW 5 Series 520d M Sport,4,3,1
Ford Ecosport 1.0 Ecoboost Titanium Optional,4,3,1
Honda CR-V 2.0 AT,4,3,1
Toyota Innova 2.5 G3,3,0,3
Tata Sumo LX,3,0,3
Mahindra Bolero SLX 2WD BSIII,3,3,0
Mahindra XUV300 W8 Option BSIV,3,3,0
Hyundai Santro Xing XO eRLX Euro II,3,0,3
Datsun GO Anniversary Edition,3,2,1
Audi Q7 2006-2020 45 TDI Quattro Premium Plus,3,3,0
Honda Amaze V Petrol BSIV,3,3,0
Hyundai Verna XXi (Petrol),3,2,1
Maruti Ciaz Zeta,3,3,0
Mercedes-Benz E-Class E350 CDI Avantgrade,3,3,0
Ford Ecosport 2015-2021 1.5 Ti VCT MT Trend BSIV,3,3,0
Skoda Superb Elegance 2.0 TDI MT,3,0,3
Tata Indica Vista Aura 1.3 Quadrajet,3,0,3
Hyundai i20 1.2 Asta Option with Sunroof,3,2,1
Toyota Etios G SP,3,0,3
Renault Triber RXZ,3,3,0
Jeep Compass 1.4 Limited,3,3,0
Maruti Wagon R VXI BSIII W/ ABS,3,3,0
Hyundai Verna CRDi 1.6 EX,3,3,0
Tata Indica Vista Aura 1.2 Safire,3,0,3
Mahindra KUV 100 mFALCON D75 K6 5str,3,0,3
Mahindra Thar CRDe ABS,3,2,1
Hyundai i20 Sportz Plus Diesel,3,3,0
Hyundai Verna 1.4 CX,3,3,0
Mercedes-Benz GLS 2016-2020 400 4MATIC,3,3,0
Toyota Innova 2.5 VX 7 STR,3,0,3
Skoda Rapid 1.5 TDI AT Ambition,3,0,3
Skoda Laura Ambiente 2.0 TDI CR MT,3,0,3
Mercedes-Benz E-Class Exclusive E 220 d BSIV,3,2,1
Hyundai Verna 1.6 VTVT S Option,3,1,2
Honda Jazz 1.2 E i VTEC,3,3,0
Tata Tigor XZ Plus Diesel,3,0,3
Maruti Ritz VXi (ABS) BS IV,3,0,3
Mercedes-Benz GLS 2016-2020 350d Grand Edition,3,3,0
Fiat Linea T Jet Emotion,3,0,3
Maruti Ciaz ZXi Option,3,3,0
Mahindra Xylo E4 BS IV,3,0,3
Datsun redi-GO 1.0 T Option,3,2,1
Mahindra XUV500 W6 1.99 mHawk,3,3,0
Mahindra NuvoSport N6,3,0,3
Jeep Compass 2.0 Limited Option 4X4,3,2,1
BMW Z4 35i,3,3,0
Hyundai i20 Asta (o),3,3,0
Renault KWID Climber 1.0 MT Opt BSIV,3,3,0
Maruti Ciaz Delta,3,3,0
Mercedes-Benz E-Class Exclusive E 220d,3,3,0
Hyundai i20 Diesel Asta Option,3,3,0
Maruti Ertiga VXI Limited Edition,3,3,0
Volkswagen CrossPolo 1.2 TDI,3,0,3
Toyota Etios Cross 1.4 GD,3,0,3
Hyundai i20 Sportz Diesel,3,3,0
Tata Nexon 1.2 Revotron XZA Plus DualTone,3,3,0
Hyundai EON Era Plus Sports Edition,3,0,3
Mercedes-Benz E-Class E250 CDI Launch Edition,3,3,0
Maruti Ertiga ZXI Petrol,3,3,0
Toyota Etios Liva 1.2 G,3,0,3
Renault KWID 1.0 RXT,3,2,1
Toyota Fortuner 2016-2021 2.8 4WD AT,3,2,1
Mahindra XUV500 W7 BSIV,3,3,0
Mahindra KUV100 NXT D75 K8,3,0,3
Ford Ecosport 2015-2021 1.5 Petrol Trend Plus AT BSIV,3,2,1
Hyundai Grand i10 Sportz Plus,3,3,0
Honda City 1.5 GXI,3,3,0
Fiat Punto 1.2 Dynamic,3,0,3
Audi A6 2.0 TDI Technology,3,0,3
Mercedes-Benz E-Class E 200 CGI Avantgarde,3,2,1
Audi A4 30 TFSI Premium Plus,3,2,1
Mahindra Bolero 2011-2019 Plus Non AC BSIV PS,3,3,0
Skoda Rapid 1.6 TDI Ambition Plus Alloy,3,0,3
Skoda Rapid 1.5 TDI AT Ambition BSIV,3,0,3
Hyundai Xcent 1.2 VTVT E Plus,3,0,3
Skoda Laura L and K MT,3,0,3
Hyundai i20 Petrol Magna Era,3,3,0
Renault Duster 110PS Diesel RxZ Plus,3,0,3
Audi A4 2.0 TDI Premium Sport Limited Edition,3,0,3
Nissan Terrano XL D Option,3,0,3
Mahindra Bolero 2011-2019 DI - AC BS III,3,3,0
Tata Harrier XZ Dark Edition BSIV,3,1,2
Hyundai Creta 1.6 Gamma SX Plus,3,1,2
BMW 3 Series GT 320d Sport Line,3,1,2
Honda Amaze VX Diesel BSIV,3,3,0
Honda BRV i-DTEC V MT,3,0,3
Mini Clubman Cooper S,3,0,3
Honda New Accord 2008-2011 2.4 Elegance M/T,3,0,3
Honda Jazz VX CVT,3,3,0
Tata Bolt Revotron XM,3,0,3
Toyota Innova 2.5 EV (Diesel) PS 7 Seater BS IV,3,0,3
Maruti SX4 S Cross DDiS 200 Sigma Option,3,0,3
Hyundai Xcent 1.2 Kappa AT S Option,3,0,3
Mahindra Supro LX 8 Str,3,0,3
Maruti Wagon R LXI CNG Avance Edition,3,3,0
Tata Tiago 1.2 Revotron XZ Plus Dual Tone,3,3,0
Skoda Fabia 1.4 TDI Ambiente,3,0,3
Toyota Innova 2.5 VX (Diesel) 8 Seater BS IV,3,0,3
Maruti Swift AMT DDiS ZDI,3,0,3
Chevrolet Sail Hatchback Diesel,3,0,3
Tata Manza ELAN Quadrajet BS IV,3,0,3
Hyundai Xcent 1.2 Kappa S CNG,3,0,3
Datsun RediGO Gold 1.0,3,2,1
Maruti Alto K10 VXI Optional,3,0,3
Hyundai Santro Xing GL CNG,3,0,3
Volvo XC 90 D5 AT AWD,3,3,0
Mercedes-Benz CLA 200 CGI,3,0,3
Mercedes-Benz C-Class C 200 CGI,3,3,0
Honda Jazz VX Diesel,3,0,3
Hyundai Getz GLS,3,0,3
Hyundai Grand i10 Sportz Petrol BSIV,3,2,1
Renault KWID RXT BSIV,3,3,0
Volkswagen Ameo 1.2 MPI Comfortline Plus,3,0,3
Maruti Wagon R VXI AMT Opt 1.2,3,1,2
Hyundai Grand i10 Nios Sportz,3,2,1
Volkswagen Vento 1.6 Comfortline BSIV,3,1,2
Ford Figo 1.5D Base MT,3,3,0
Toyota Innova Crysta 2016-2020 2.7 ZX AT BSIV,3,3,0
Toyota Yaris J CVT BSIV,3,3,0
Renault Lodgy 110PS RxZ 8 Seater,3,0,3
Volkswagen Jetta 1.6 Trendline,3,0,3
Hyundai Verna SX Opt,3,3,0
Hyundai i20 Active 1.4 SX with AVN,3,0,3
Honda CR V 2.4L 4WD AT AVN,3,3,0
Volkswagen Vento 1.6 Highline BSIV,3,3,0
Renault Lodgy 85PS RxZ,3,0,3
Renault Captur 1.5 Diesel Platine,3,0,3
Toyota Glanza V,3,3,0
Mahindra Scorpio 1.99 S8,3,2,1
Honda Amaze V CVT Diesel BSIV,3,3,0
Datsun GO T Petrol,3,3,0
Toyota Innova 2.5 EV Diesel PS 7 Seater BSIII,3,0,3
Volkswagen Ameo 1.5 TDI Trendline,3,0,3
Hyundai i10 LPG,3,0,3
Hyundai Verna 1.6 CRDi EX AT,3,3,0
Land Rover Discovery Sport 2015-2020 TD4 SE 7S,3,3,0
Maruti Ciaz Sigma BSIV,3,3,0
Skoda Rapid 1.6 MPI AT Ambition,3,3,0
Hyundai Grand i10 Magna Petrol BSIV,3,3,0
Hyundai Verna 1.6 VTVT S,3,3,0
Maruti Alto 800 LXI Optional,3,3,0
Maruti Ignis Zeta,3,3,0
Chevrolet Sail 1.3 Base,3,0,3
Mahindra Scorpio VLX 2.2 mHawk BSIII,3,3,0
Volkswagen Vento 2013-2015 1.6 Comfortline,3,2,1
Tata Safari 2005-2017 DICOR 2.2 LX 4x2,3,3,0
Hyundai Verna Transform VTVT,3,3,0
Hyundai Xcent 1.2 CRDi E,3,0,3
Tata Indica Vista Aqua TDI BSIII,3,0,3
Chevrolet Aveo 1.6 LT,3,0,3
Renault Duster 85PS Diesel RxL Optional with Nav,3,0,3
Maruti Celerio ZXI AMT,3,2,1
Chevrolet Sail 1.2 LT ABS,3,0,3
Hyundai Getz 1.1 GVS Option,3,0,3
Tata Indica eXeta eGLX,3,0,3
Ford Ecosport 2015-2021 1.0 Ecoboost Titanium Plus BSIV,3,3,0
Tata Indica Vista Aqua 1.4 TDI,3,0,3
Honda City 1.3 EXI,3,2,1
Honda New Accord 2008-2011 2.4 AT,3,0,3
Skoda Fabia 1.2 MPI Ambiente Petrol,3,0,3
Honda Amaze E Petrol BSIV,3,2,1
Maruti Swift Dzire LXI 1.2 BS IV,3,3,0
Mahindra TUV 300 mHAWK100 T8 Dual Tone,3,0,3
Hyundai EON Magna Plus Option,3,0,3
Tata Indigo GLX,3,0,3
OpelCorsa 1.4Gsi,3,0,3
Toyota Innova Crysta 2016-2020 2.4 G MT 8S BSIV,3,3,0
Skoda Rapid 1.6 MPI AT Elegance Plus,3,3,0
Hyundai Verna VTVT 1.6 AT SX Plus,3,3,0
Hyundai EON Magna Optional,3,0,3
Honda City V MT AVN,3,3,0
Maruti Wagon R Stingray AMT VXI,3,0,3
Hyundai Verna Transform SX VTVT,3,3,0
Toyota Etios Liva 1.2 VX,3,0,3
Hyundai Santro AT,3,3,0
Maruti Wagon R LXI BSII,3,3,0
Chevrolet Optra Magnum 2.0 LT,3,0,3
Nissan Sunny XE D,3,0,3
BMW X5 3.0d,3,2,1
Toyota Prius Z6,3,0,3
BMW X3 xDrive 20d xLine,3,3,0
Mahindra TUV 300 T10 Dual Tone,3,0,3
Ford Fiesta 1.4 Duratec EXI,3,0,3
Toyota Innova Crysta 2016-2020 Touring Sport 2.4 MT BSIV,3,3,0
Ford Fiesta 1.4 SXi TDCi,3,0,3
Maruti Omni 5 Str STD,3,0,3
Maruti Ritz VDi ABS,3,0,3
Chevrolet Sail Hatchback Petrol LS ABS,3,0,3
Honda Mobilio E i VTEC,3,0,3
Nissan Micra XL CVT,3,0,3
Maruti Swift Dzire Ldi BSIV,3,0,3
Hyundai Santro Asta BSIV,3,3,0
Chevrolet Aveo U-VA 1.2 LT,3,0,3
Hyundai i20 Active 1.2 SX with AVN,3,0,3
Maruti Alto 800 VXI Plus,3,2,1
Maruti Ciaz Zeta 1.5,3,0,3
Maruti Swift Dzire Tour S CNG,3,2,1
Maruti Celerio VDi,3,0,3
Toyota Corolla Altis D-4D J,3,0,3
Tata Nexon 1.5 Revotorq XZA Plus DualTone,3,3,0
Audi A6 2.7 TDI,3,0,3
Maruti Celerio X ZXI Option BSIV,3,3,0
Tata Manza Club Class Quadrajet90 LX,3,0,3
Porsche Cayenne Diesel Platinum Edition,3,0,3
Fiat Linea Emotion (Diesel),3,0,3
Renault KWID 1.0 RXT AMT BSIV,3,3,0
Toyota Innova 2.5 Z Diesel 7 Seater BS IV,3,0,3
Maruti Zen Estilo 1.1 LX BSIII,3,0,3
Hyundai Verna SX Opt Diesel,3,3,0
Tata Nano Lx BSIII,3,0,3
Mahindra KUV 100 mFALCON G80 K8 5str,3,3,0
Datsun GO Plus Anniversary Edition,3,2,1
Hyundai Santro Xing XG,3,0,3
Mahindra KUV 100 mFALCON D75 K6,3,0,3
Ford Ecosport 2015-2021 S Diesel BSIV,3,3,0
Honda City i-DTEC V,3,3,0
Maruti Alto 800 STD,3,2,1
Volvo V40 D3,3,0,3
Mahindra KUV100 NXT D75 K6 Plus,3,0,3
Fiat Linea Emotion Pack,3,0,3
Mahindra XUV500 W7 AT BSIV,3,3,0
Tata Nano Cx BSIV,3,0,3
Volkswagen Vento 1.5 TDI Highline BSIV,3,0,3
Maruti Swift 1.3 VXI ABS,3,3,0
Maruti Ignis Delta AMT,3,3,0
Ford Endeavour 2.2 Trend MT 4X2,3,3,0
Maruti Swift ZXi BSIV,3,2,1
Tata Tiago 1.2 Revotron XM,3,3,0
Skoda Yeti Ambition 4WD,3,0,3
Skoda Rapid 1.5 TDI Ambition,3,0,3
Chevrolet Sail Hatchback 1.2 LS ABS,3,0,3
Maruti Ertiga BSIV ZXI,3,3,0
Tata Indica V2 DLX TC,3,0,3
Skoda Fabia 1.2 TDI Ambition,3,0,3
Hyundai i20 Asta Option Diesel,3,3,0
Hyundai Getz GLE,3,0,3
Chevrolet Aveo U-VA 1.2,3,0,3
Toyota Yaris V CVT BSIV,3,3,0
Maruti Swift ZXI BSIV,3,3,0
Maruti Ciaz Alpha 1.5,3,0,3
Mercedes-Benz E-Class E350 CDI Avantgarde,3,3,0
Hyundai Santro Sportz CNG BSIV,3,3,0
Honda Civic 1.8 (E) MT,3,3,0
BMW 1 Series 118d Sport Plus,3,0,3
BMW 7 Series 730Ld DPE Signature,3,2,1
Hyundai EON 1.0 Kappa Magna Plus Optional,3,0,3
Skoda Superb Elegance 1.8 TSI MT,3,3,0
Renault Duster 110PS Diesel RXZ Optional with Nav,3,0,3
Toyota Fortuner 2016-2021 2.8 4WD MT BSIV,3,3,0
Toyota Glanza V CVT,3,3,0
Maruti Ritz ZXi,3,0,3
Maruti Swift Lxi BSIII,3,3,0
Mercedes-Benz C-Class C 220 CDI Grand Edition,3,3,0
Mitsubishi Pajero 2.8 SFX BSIV Dual Tone,3,0,3
Datsun RediGO Sport,3,3,0
Hyundai i20 Asta Option CVT BSIV,3,2,1
Honda Civic 1.8 S AT,3,3,0
Maruti Swift VXI Deca,3,3,0
Skoda Rapid 1.5 TDI Active,3,0,3
Hyundai Santro Xing XK eRLX EuroIII,3,0,3
Honda Amaze S Diesel BSIV,3,3,0
Mahindra Scorpio LX BSIV,3,3,0
Hyundai i20 Petrol Asta Dual Tone,3,2,1
Volkswagen Vento 1.2 TSI Highline Plus AT,3,3,0
Hyundai EON 1.0 Kappa Magna Plus,3,0,3
Honda CR-V AT With Sun Roof,3,3,0
Toyota Innova Crysta 2016-2020 2.7 VX MT BSIV,3,3,0
Maruti Dzire ZXI,3,3,0
Kia Seltos GTX Plus DCT,3,2,1
Mercedes-Benz E-Class 220 CDI,3,1,2
Renault Duster Petrol RXS CVT,3,3,0
Mahindra Scorpio VLX 2WD AIRBAG AT BSIV,3,2,1
Mahindra XUV500 W11 Option,3,3,0
Maruti Ritz VXI ABS,3,0,3
Mahindra TUV 300 T10 AMT,3,0,3
Tata Tiago 1.05 Revotorq XE,3,0,3
Maruti XL6 Alpha AT,3,3,0
Toyota Platinum Etios 1.5 V,3,0,3
Maruti Alto Green LXi (CNG),3,0,3
Hyundai Verna 1.6 CRDi S Option,3,3,0
Hyundai Creta 1.6 SX Diesel,3,3,0
Tata Tiago 1.2 Revotron XTA,3,2,1
Volkswagen Polo 2015-2019 ALLSTAR 1.5 TDI,3,0,3
Toyota Corolla Altis GL MT,3,0,3
Mahindra Scorpio S4 7 Seater,3,3,0
Toyota Camry A/T,3,2,1
Volkswagen Vento 1.6 Trendline,3,3,0
Nissan Micra Active XV S,3,0,3
Mahindra Bolero 2011-2019 SLE BSIII,3,3,0
Skoda Laura 1.8 TSI Ambiente,3,0,3
Tata Indica V2 DLS TC,3,0,3
Hyundai Venue SX Dual Tone Turbo BSIV,3,3,0
Toyota Corolla H5,3,0,3
Tata Zest Revotron 1.2T XE,3,0,3
Mercedes-Benz CLA 200 CDI Style,3,0,3
Ford Ecosport 2015-2021 1.5 Ti VCT AT Titanium BE BSIV,3,2,1
BMW 5 Series 520d Prestige,3,3,0
Hyundai Xcent 1.2 Kappa S AT,3,0,3
Volkswagen Polo Petrol Highline 1.6L,3,3,0
Mercedes-Benz GL-Class Progressive 220d,3,3,0
Skoda Rapid 1.6 MPI AT Ambition BSIV,3,2,1
Chevrolet Enjoy Petrol LTZ 7 Seater,3,0,3
Mahindra Xylo E8 ABS Airbag BSIV,3,0,3
Tata Indica Vista Quadrajet LS,3,0,3
Tata Nexon 1.5 Revotorq XE,3,3,0
Maruti Ritz ZXI,3,0,3
Renault Lodgy 85PS RxE 7 Seater,3,0,3
Honda City i VTEC VX Option BL,3,3,0
Ford Figo 1.5P Titanium AT,3,2,1
Volvo S60 D5 Summum,3,0,3
Hyundai Santro DX,3,3,0
Datsun GO Plus A,3,3,0
Toyota Etios Liva V,3,0,3
Mercedes-Benz CLA Urban Sport 200,3,0,3
Hyundai EON Era Plus Option,3,0,3
Maruti Wagon R Stingray LXI,3,0,3
Nissan Terrano Groove Edition,3,0,3
Force One SX ABS 7 Seating,3,0,3
Fiat Punto EVO 1.3 Emotion,3,0,3
Mahindra Marazzo M8 8Str,3,3,0
Toyota Innova Crysta 2016-2020 2.4 GX MT 8 STR,3,3,0
Maruti Ertiga ZXI Plus,3,2,1
Maruti Ertiga SHVS VDI Limited Edition,3,0,3
Nissan Micra Diesel XL Optional,3,0,3
Hyundai i20 2015-2017 Sportz Option 1.4 CRDi,3,3,0
Ford Aspire 1.2 Ti-VCT Titanium Plus,3,3,0
Tata Nano Cx BSIII,3,0,3
Kia Seltos HTX IVT G,3,2,1
Datsun GO T Option,2,2,0
Mahindra e2o T2,2,0,2
Mahindra Xylo H9,2,0,2
Jeep Compass 2.0 Sport Plus BSIV,2,2,0
Tata Aria Pride,2,0,2
Maruti Swift Dzire ZXI Plus BS IV,2,2,0
Ford Fiesta 1.4 Duratorq EXI,2,0,2
Honda City 1.3 DX,2,2,0
Hyundai Xcent 1.2 VTVT S AT,2,0,2
Hyundai Verna SX,2,2,0
Maruti Swift Dzire AMT ZXI BS IV,2,2,0
Audi Q7 2006-2020 4.2 TDI quattro,2,1,1
Toyota Innova 2.5 G1 BSIV,2,0,2
Mahindra Renault Logan 1.5 Diesel DLSX,2,0,2
Honda BR-V Style Edition V CVT,2,0,2
Honda CR-V 2.0 2WD,2,2,0
Fiat Avventura MULTIJET Active,2,0,2
Toyota Corolla H1,2,0,2
Tata Indigo GLS,2,0,2
Chevrolet Captiva LT,2,0,2
Skoda Superb 3.6 FXI 4X4,2,2,0
Toyota Yaris G CVT,2,1,1
Honda Jazz Select Edition,2,2,0
Hyundai Santro Xing ECO,2,0,2
Ford Ecosport 2015-2021 1.5 TDCi Titanium Plus BE BSIV,2,1,1
Mahindra Xylo Celebration Edition,2,0,2
Mahindra Marazzo M6 8Str,2,2,0
Audi A3 35 TDI Attraction,2,0,2
Tata Tiago Wizz 1.2 Revotron,2,2,0
Hyundai Grand i10 CRDi SportZ Edition,2,0,2
Tata Safari 2005-2017 DICOR 2.2 LX 4x2 BS IV,2,2,0
Jeep Compass 2.0 Limited 4X4,2,2,0
Mahindra Scorpio 2.6 SLX Turbo 7 Seater,2,1,1
BMW X3 xDrive 20d Expedition,2,2,0
Maruti Ignis Delta,2,1,1
Mahindra Scorpio 2.6 CRDe SLE,2,2,0
Skoda Octavia Style Plus 1.8 TSI AT,2,2,0
Skoda Octavia Style Plus 2.0 TDI AT,2,0,2
Ford Fiesta Classic 1.6 Duratec LXI,2,0,2
Ford Fiesta 1.4 ZXi TDCi ABS,2,0,2
Renault Scala Diesel RxE,2,0,2
Mercedes-Benz GLA Class 200 CDI SPORT,2,0,2
Tata Bolt Quadrajet XM,2,0,2
Toyota Platinum Etios 1.5 VX,2,0,2
Volkswagen Vento IPL II Petrol Trendline,2,2,0
Maruti Alto Green LX BSIV,2,0,2
Hyundai EON LPG D Lite Plus,2,0,2
Mahindra Scorpio 2.6 CRDe,2,2,0
Mitsubishi Pajero 2.8 SFX,2,0,2
Fiat Grande Punto EVO 90HP 1.3 Sport,2,0,2
Skoda Fabia 1.4 MPI Elegance,2,0,2
Toyota Etios Liva 1.4 VD Dual Tone,2,0,2
Hyundai Venue S Diesel,2,2,0
Tata Bolt Revotron XT,2,0,2
Hyundai i20 Active 1.4 SX Dual Tone,2,0,2
MG Hector Smart Diesel MT BSIV,2,2,0
Volkswagen Ameo 1.5 TDI Highline 16 Alloy,2,0,2
Toyota Innova Crysta 2016-2020 2.4 ZX AT,2,2,0
Honda WR-V Edge Edition i-VTEC S,2,2,0
Toyota Fortuner 2016-2021 TRD 4X4 AT,2,2,0
Honda City V CVT,2,0,2
Audi Q3 30 TFSI Premium FWD,2,0,2
Tata Safari 2005-2017 DICOR 2.2 GX 4x2 BS IV,2,2,0
Toyota Camry W3 (MT),2,1,1
Tata Indigo eGLS BS IV,2,0,2
Tata Harrier XM BSIV,2,2,0
Tata Hexa XT 4X4,2,1,1
Tata Indica eXeta GLS,2,0,2
Mercedes-Benz E-Class E350 CDI,2,2,0
Ford Ecosport 2015-2021 1.5 Petrol Trend,2,2,0
Renault Duster Petrol RxL,2,2,0
Maruti Dzire LXI,2,2,0
Toyota Corolla H4,2,0,2
Hyundai Santro Magna,2,2,0
Ford Ecosport 2015-2021 Sports Diesel,2,2,0
Tata Nano CX,2,0,2
Hyundai Verna 1.6 VGT CRDi,2,1,1
Hyundai Santro Xing GL LPG,2,0,2
Mahindra Alturas G4 4X4 AT,2,2,0
BMW 5 Series 530d Highline,2,2,0
Mini Cooper Countryman D High,2,0,2
Renault Duster Adventure Edition 85PS RXE,2,0,2
Renault Duster 85PS Diesel RxL Explore,2,0,2
Toyota Etios G Safety,2,0,2
Fiat Linea 1.4 Emotion,2,0,2
Tata Manza Aura Plus Safire BS IV,2,0,2
Hyundai Santro Xing GL PLUS CNG,2,0,2
Maruti Ertiga LXI,2,2,0
Fiat Grande Punto 1.3 Emotion Pack 90HP (Diesel),2,0,2
Mahindra XUV500 Xclusive Edition,2,2,0
Chevrolet Sail Hatchback LT ABS,2,0,2
Fiat Punto 1.2 Emotion,2,0,2
Maruti Baleno RS,2,2,0
Mercedes-Benz C-Class 230 Avantgarde,2,2,0
Tata Nano Lx BSIV,2,0,2
Mercedes-Benz GL-Class 220d Celebration Edition,2,2,0
Ford Fiesta 1.4 Duratec EXI Limited Edition,2,0,2
BMW 3 Series 320si Sedan,2,2,0
Audi S5 Sportback,2,0,2
Ford Figo 1.2 Trend Plus MT,2,2,0
Audi A4 1.8 TFSI,2,2,0
Tata Tiago 2019-2020 XZ,2,2,0
Tata Sumo CX,2,0,2
BMW X3 xDrive20d Advantage Edition,2,2,0
Volkswagen Polo GTI,2,0,2
Fiat Abarth Punto EVO 1.4 T-Jet,2,0,2
Toyota Corolla AE,2,0,2
Volkswagen Polo Select 1.5 TDI Highline,2,0,2
Renault Lodgy 85PS RxE,2,0,2
Audi A4 2008-2014 3.0 TDI Quattro,2,0,2
Mahindra KUV100 NXT D75 K6 Plus 5Str,2,0,2
Kia Seltos HTK Plus D,2,1,1
Chevrolet Spark 1.0 E,2,0,2
Mahindra TUV 300 T6 Plus BSIV,2,0,2
Toyota Innova 2.5 VX 8 STR,2,0,2
Mahindra Marazzo M4 8Str,2,1,1
Maruti Swift AMT VVT ZXI,2,1,1
Ford Fiesta 1.6 Duratec EXI,2,0,2
Chevrolet Beat Diesel LTZ,2,0,2
Nissan Sunny XV D,2,0,2
Hyundai Venue SX Diesel,2,2,0
Maruti Zen VXI,2,0,2
Jaguar XJ 3.0L Portfolio LWB,2,0,2
Toyota Yaris G BSIV,2,2,0
Hyundai Sonata 2.4 GDi AT,2,0,2
Mahindra KUV 100 mFALCON G80 K6 5str,2,2,0
Renault Lodgy 85PS RxL,2,0,2
Jaguar XF 2.2 Litre Executive,2,0,2
Ford Figo Diesel EXI Option,2,2,0
Honda Accord VTi-L (MT),2,0,2
Skoda Fabia 1.2 TDI Ambition Plus,2,0,2
Hyundai Verna 1.6 VTVT SX Option,2,2,0
Audi A4 35 TDI Technology Edition,2,0,2
Hyundai Verna Transform SX VGT CRDi,2,2,0
Honda Jazz Mode,2,2,0
BMW 6 Series 640d Gran Coupe,2,1,1
Hyundai Elantra CRDi SX Option AT,2,2,0
Fiat Grande Punto 1.2 Emotion,2,0,2
Land Rover Range Rover Sport 3.0 D HSE,2,2,0
Toyota Corolla Altis 1.8 GL,2,0,2
Tata Nexon 1.5 Revotorq XMA,2,0,2
Nissan Evalia XV,2,0,2
Maruti Esteem VXi BSIII CNG,2,0,2
Mahindra KUV100 NXT G80 K4 Plus,2,1,1
Mercedes-Benz E-Class E250 Petrol,2,2,0
Volvo XC 90 D5 Inscription,2,2,0
Mahindra KUV 100 mFALCON G80 K2,2,2,0
Chevrolet Enjoy TCDi LTZ 7 Seater,2,0,2
Hyundai i20 1.4 Magna AT,2,2,0
Hyundai Santro LP - Euro II,2,2,0
Ford Ecosport 2015-2021 1.0 Ecoboost Platinum Edition BSIV,2,1,1
Tata Manza Aura (ABS) Quadrajet,2,0,2
Volkswagen GTI 1.8 TSI,2,0,2
Fiat Avventura Urban Cross 1.3 Multijet Dynamic,2,0,2
Ford Ikon 1.6 Nxt,2,0,2
Ford Figo Petrol LXI,2,2,0
Hyundai Venue SX Opt Diesel,2,2,0
Mahindra Xylo H8 ABS with Airbags,2,0,2
Mahindra KUV 100 G80 K2 Plus 6 Str,2,1,1
Hyundai i20 Active 1.4,2,0,2
Hyundai i20 Asta (o) 1.4 CRDi (Diesel),2,2,0
Chevrolet Enjoy Petrol LS 8 Seater,2,0,2
Tata Safari 2005-2017 DICOR 2.2 VX 4x2,2,2,0
Maruti Omni LPG STD BSIV,2,0,2
Maruti 800 EX,2,0,2
Honda City 1.5 S Elegance,2,2,0
Tata Safari 2005-2017 3L Dicor LX 4x2,2,1,1
Mercedes-Benz E-Class 200 Kompressor Elegance,2,2,0
Tata Manza Club Class Quadrajet90 VX,2,0,2
Honda Civic 1.8 V AT Sunroof,2,2,0
BMW X6 xDrive 40d M Sport,2,0,2
Mahindra Bolero 2011-2019 EX AC,2,2,0
Hyundai Creta 1.6 E,2,2,0
Maruti Swift Dzire VXI AT Optional,2,1,1
Maruti Ignis 1.2 AMT Alpha BSIV,2,2,0
BMW 5 Series 530d,2,2,0
BMW 3 Series 320i Luxury Line,2,2,0
Ford Ecosport 2015-2021 1.5 TDCi Trend Plus BE BSIV,2,2,0
Tata Sumo Gold GX,2,0,2
Ford Aspire Titanium Plus Diesel BSIV,2,2,0
Porsche Boxster S tiptronic,2,0,2
Renault Captur Platine Dual Tone Diesel,2,0,2
Tata Bolt Quadrajet XT,2,0,2
Toyota Innova 2.5 VX 7 STR BSIV,2,0,2
Datsun redi-GO AMT 1.0 T Option,2,2,0
Volkswagen Passat Diesel Comfortline AT,2,0,2
Skoda Rapid 1.5 TDI Elegance Plus Black Package,2,0,2
Audi A6 35 TFSI,2,2,0
BMW X1 xDrive 20d M Sport,2,2,0
Mercedes-Benz B-Class B200 CDI,2,0,2
Hyundai Santro GLS II - Euro II,2,2,0
Volkswagen Polo 1.0 TSI Highline Plus,2,1,1
Maruti Wagon R Stingray AMT VXI Optional,2,0,2
Mahindra XUV500 W11 Option AT BSIV,2,2,0
Maruti Ciaz Delta Automatic BSIV,2,1,1
Mahindra XUV500 W7,2,2,0
Volkswagen Ameo 1.5 TDI Highline AT 16 Alloy,2,0,2
Maruti Kizashi CVT,2,0,2
Hyundai i20 Petrol Asta,2,1,1
Hyundai Verna SX Diesel,2,1,1
Renault Lodgy Stepway 110PS RXL 8S,2,0,2
Ford Figo Aspire Titanium Diesel,2,2,0
Mini 5 DOOR Cooper D,2,0,2
Mahindra Scorpio VLX,2,2,0
Mitsubishi Lancer 1.5 L Petrol LX,2,0,2
Mercedes-Benz S-Class S 500 L,2,2,0
Maruti Celerio X AMT ZXI BSIV,2,2,0
BMW X1 sDrive 20d Exclusive,2,1,1
Mahindra Bolero DI BSIII,2,2,0
Mahindra Scorpio 2.6 LX,2,2,0
Mitsubishi Pajero 2.8 GLX CRZ,2,0,2
Tata Indica DLE BSII,2,0,2
Mahindra Scorpio VLX 2WD AIRBAG BSIII,2,1,1
Datsun GO T Option Petrol,2,2,0
Hyundai i20 Sportz Plus CVT BSIV,2,1,1
Honda City ZXi AT,2,2,0
Maruti Alto Vxi 1.1,2,0,2
Toyota Etios Liva GD SP,2,0,2
Honda City E,2,2,0
Maruti Celerio X AMT ZXI Option BSIV,2,2,0
Hyundai Accent GLS 1.6 ABS,2,0,2
Nissan Kicks XV Premium Option D Dual Tone,2,0,2
Mahindra Xylo E2,2,0,2
Renault KWID 1.0 RXT AMT,2,2,0
Jeep Compass 2.0 Limited Option,2,2,0
Land Rover Range Rover Sport SE,2,1,1
Renault Koleos 4X4 AT,2,0,2
Ford Ecosport 2015-2021 1.5 TDCi Ambiente BSIV,2,2,0
Jaguar XJ 3.0L,2,0,2
Mahindra Bolero 2011-2019 Plus - AC BSII,2,2,0
Hyundai Santro Era Executive,2,2,0
Maruti Ciaz Zeta Diesel,2,0,2
Skoda Fabia 1.2 MPI Ambition Plus,2,0,2
Maruti A Star Zxi,2,0,2
Renault KWID Reloaded AMT 1.0,2,2,0
Mahindra Bolero PLUS AC,2,2,0
Toyota Corolla Altis Diesel D4DJ,2,0,2
Mahindra Scorpio 2009-2014 VLX 2WD 7S BSIV,2,2,0
Ford Fiesta 1.4 SXi TDCi ABS,2,0,2
Maruti Swift Dzire LXI Optional-O,2,2,0
Maruti Celerio X AMT ZXI,2,1,1
Hyundai Santro GS,2,1,1
Skoda Superb Petrol Ambition,2,1,1
Volkswagen Jetta 1.9 Highline TDI,2,0,2
Skoda Superb 2.8 V6 AT,2,1,1
Maruti Swift RS VDI,2,0,2
Hyundai Verna VTVT 1.4 E,2,2,0
BMW X3 xDrive30d,2,2,0
Maruti Swift Dzire ZXI 1.2 BS IV,2,2,0
Toyota Etios Liva GD Xclusive Edition,2,0,2
Skoda Fabia 1.2 MPI Active,2,0,2
BMW 5 Series 520d Modern Line,2,2,0
Tata Vista Quadrajet LS,2,0,2
Hyundai Tucson 2.0 e-VGT 2WD MT,2,2,0
MG Hector Sharp DCT,2,0,2
Honda Amaze VX O i VTEC,2,2,0
Volvo V40 D3 R Design,2,0,2
Volkswagen Vento Corporate Edition,2,0,2
Mahindra Bolero DI DX 7 Seater,2,2,0
Ford Endeavour 3.0L 4X2 AT,2,1,1
Mercedes-Benz CLA Urban Sport 200d,2,0,2
Mercedes-Benz M-Class ML 350 CDI,2,0,2
Toyota Fortuner 4x2 MT TRD Sportivo,2,2,0
Mercedes-Benz C-Class 200 Kompressor,2,2,0
Volvo S60 D3 Summum,2,0,2
Hyundai i20 Sportz Plus,2,2,0
Mahindra Scorpio VLX 2WD AIRBAG SE BSIV,2,2,0
Audi A4 35 TDI Premium Sport,2,0,2
Tata Sumo Gold EX BSIII,2,0,2
Mahindra Thar DI 4X2,2,2,0
Jaguar XF 2.0 Diesel Prestige,2,0,2
Honda BR-V Style Edition Diesel V,2,0,2
Honda City i-VTEC SV,2,2,0
Mini Cooper Cooper D,2,0,2
Maruti Wagon R LXI DUO,2,0,2
Skoda Octavia 1.8 TSI AT Style Plus,2,1,1
Mercedes-Benz E-Class 280 CDI Elegance,2,2,0
Tata Tigor 1.2 Revotron XTA,2,2,0
Skoda Rapid Leisure 1.6 MPI MT,2,2,0
Volvo S90 D4 Inscription BSIV,2,2,0
Tata Nexon 1.5 Revotorq XZA Plus,2,1,1
Land Rover Discovery Sport TD4 HSE 7S,2,2,0
Skoda Rapid 1.5 TDI AT Style Plus Black Package,2,0,2
Mahindra Scorpio S4 Plus,2,2,0
BMW X3 2.0d SAV,2,2,0
Renault Fluence E4 D,2,0,2
Mahindra Scorpio Intelli Hybrid S6 Plus,2,2,0
Volvo S60 D4 KINETIC,2,0,2
Mahindra Ingenio CRDe,2,0,2
Mercedes-Benz CLS 350,2,0,2
Datsun GO Plus A EPS,2,2,0
Maruti Omni E MPI STD,2,0,2
Maruti Alto 800 CNG LXI Optional,2,0,2
Jeep Compass 2.0 Longitude Option BSIV,2,2,0
Hyundai Santro Magna CNG BSIV,2,1,1
Hyundai Tucson 2.0 e-VGT 2WD AT GLS,2,2,0
BMW 5 Series 520i Luxury Line,2,2,0
Hyundai Creta 1.6 VTVT E,2,2,0
Jaguar XE 2016-2019 2.0L Diesel Prestige,2,0,2
Datsun RediGO D,2,2,0
Datsun GO Plus T,2,1,1
Renault Duster 1.5 Petrol RXL,2,2,0
Volkswagen Vento Konekt Diesel Highline,2,0,2
Jaguar XJ 2.0L Portfolio,2,0,2
Volkswagen Jetta 1.4 TSI Comfortline,2,0,2
BMW 3 Series GT M Sport Petrol,2,2,0
Mahindra Xylo D2 BS IV,2,0,2
Mahindra Bolero 2011-2019 Plus - AC BSIII,2,2,0
Tata Indigo TDI,2,0,2
Toyota Corolla Altis Aero D 4D J,2,0,2
Toyota Corolla Executive (HE),2,0,2
Renault KWID RXL BSIV,2,1,1
Mercedes-Benz E-Class E200 CGI Blue Efficiency,2,1,1
Maruti Baleno LXI,2,1,1
Renault Duster 85PS Diesel RxE Adventure,2,0,2
Mercedes-Benz GLC 220d 4MATIC,2,2,0
Mahindra Bolero 2011-2019 EX NON AC,2,2,0
Toyota Platinum Etios 1.4 VXD,2,0,2
Jaguar XF 2.0 Diesel Pure,2,0,2
Datsun RediGO AMT 1.0 T Option,2,1,1
Volkswagen Beetle 1.4 TSI,2,0,2
Renault KWID RXT 02 Anniversary Edition,2,2,0
Toyota Innova 2.5 VX 8 STR BSIV,2,0,2
Mercedes-Benz GL-Class 43 AMG Coupe,2,2,0
Volvo XC 90 D5 AWD,2,1,1
Mahindra Xylo D4 BS III,2,0,2
Honda Mobilio RS Option i DTEC,2,0,2
Mercedes-Benz C-Class C 220 CDI Elegance AT,2,2,0
Toyota Etios Liva Petrol TRD Sportivo,2,0,2
Maruti Wagon R LX Minor,2,2,0
Audi A4 3.0 TDI Quattro Premium,2,0,2
Hyundai Verna Xi (Petrol),2,2,0
Mercedes-Benz E-Class E 250 Elegance,2,1,1
BMW 3 Series 320d Luxury Plus,2,2,0
Mercedes-Benz M-Class ML 350 CDI Corporate,2,0,2
Volvo S60 D3,2,0,2
Honda Amaze S Option i-VTEC,2,1,1
Chevrolet Sail Hatchback 1.3 TCDi LS ABS,2,0,2
Toyota Yaris V Optional,2,2,0
Maruti Celerio LXI Optional MT BSIV,2,2,0
Nissan Sunny XL D,2,0,2
Tata Tigor 1.05 Revotorq XE,2,0,2
Toyota Innova 2.5 ZX Diesel 7 Seater BSIII,2,0,2
Skoda Octavia Ambition Plus 1.8 TSI AT,2,1,1
Maruti Celerio X AMT ZXI Option,2,2,0
Tata Nano LX SE,2,0,2
Hyundai i20 Asta Option CVT,2,2,0
Maruti Omni Limited Edition,2,0,2
Tata Manza Aura Safire BS IV,2,0,2
Mahindra KUV 100 mFALCON D75 K4 Plus 5str,2,0,2
Jaguar XF Diesel,2,0,2
Skoda Superb Zeal Elegance 2.0 TDI CR AT,2,0,2
Skoda Octavia Elegance 1.9 TDI,2,0,2
Mahindra Scorpio VLS 2.2 mHawk,2,2,0
Honda Jazz 1.5 E i DTEC,2,0,2
Tata Sumo EX 10/7 Str BSIII,2,0,2
Maruti Swift Dzire LXI 1.2,2,1,1
DC Avanti 2.0 L,2,0,2
Hyundai Grand i10 CRDi Sportz Celebration Edition,2,0,2
Tata Indica DLE BSIII,2,0,2
Volkswagen Passat 2.0 TDI AT Highline,2,0,2
Nissan Terrano XV D Premium AMT,2,0,2
Ford Ecosport 2015-2021 1.5 Petrol Ambiente BSIV,2,2,0
Mercedes-Benz B Class B180 Sports,2,0,2
Jaguar F-PACE Prestige 2.0 AWD,2,0,2
Maruti Omni CNG,2,0,2
Hyundai i10 Magna 1.1 iTech SE,2,0,2
Chevrolet Trailblazer LTZ 4X2 AT,2,0,2
Mahindra Ssangyong Rexton RX6,2,0,2
Honda BRV i-VTEC E MT,2,0,2
BMW 3 Series 320d Dynamic,2,2,0
Tata Manza Aura (ABS) Safire,2,0,2
Skoda Laura Ambition 2.0 TDI CR AT,2,0,2
Maruti Wagon R VXI AMT1.2BSIV,2,2,0
Tata Manza ELAN Safire BS IV,2,0,2
Mini Cooper Countryman D,2,0,2
Maruti Esteem Vxi,2,0,2
Renault Pulse Petrol RxZ,2,0,2
Ford Fiesta 1.5 TDCi Trend,2,0,2
Skoda Laura Elegance 2.0 TDI CR MT,2,0,2
Maruti 800 DUO AC LPG,2,0,2
Maruti Wagon R LXI Avance Edition,2,2,0
Toyota Innova Crysta 2016-2020 2.4 G Plus MT 8S BSIV,2,2,0
Chevrolet Captiva LTZ VCDi,2,0,2
Maruti Ertiga VDI Limited Edition,2,0,2
Chevrolet Aveo 1.4 LT,2,0,2
Tata Hexa XM Plus,2,2,0
Maruti Eeco 7 Seater STD,2,1,1
Mercedes-Benz E-Class Expression E 220 d BSIV,2,2,0
Porsche Panamera Diesel,2,0,2
Maruti Alto K10 LXI CNG,2,0,2
Mercedes-Benz B Class B200 Sport CDI,2,0,2
Maruti Wagon R VXI AMT Opt,2,2,0
Volkswagen Polo IPL II 1.2 Petrol Highline,2,2,0
Ford Figo 1.2P Trend MT,2,2,0
Skoda Rapid 1.5 TDI Elegance Plus,2,0,2
Maruti Swift AMT ZXI BSIV,2,2,0
Toyota Innova 2.5 GX 8 STR,2,0,2
Mercedes-Benz B-Class B180 Sport,2,0,2
Hyundai EON 1.0 Magna Plus Option O,2,0,2
Renault Duster RXZ 110PS AMT BSIV,2,0,2
Skoda Octavia 1.9 TDI,2,0,2
Nissan Evalia XE,2,0,2
Honda City i-DTEC SV,2,2,0
Hyundai Verna 1.6 i ABS,2,2,0
Tata Tigor 1.05 Revotorq XZ Option,2,0,2
Hyundai Santro Xing GLS CNG,2,0,2
Mercedes-Benz A-Class A180 Sport,2,0,2
Datsun GO Plus T Petrol,2,2,0
Mercedes-Benz S-Class S 350d Connoisseurs Edition,2,2,0
BMW X1 sDrive 20d M Sport,2,1,1
Honda City VX CVT,2,2,0
Hyundai Accent GLX,2,0,2
Maruti Swift Dzire Regal,2,2,0
Mahindra E Verito D2,2,2,0
Mahindra XUV500 W9 2WD,2,1,1
Mahindra Xylo E6,2,0,2
Toyota Etios Liva VD,2,0,2
Mercedes-Benz S-Class S 300 L,2,1,1
Maruti Swift 1.3 DLX,2,0,2
Mahindra XUV300 W8,2,2,0
Mahindra Quanto C2,2,0,2
Volkswagen Vento 1.5 TDI Highline Plus 16 Alloy,2,0,2
Hyundai i20 1.4 CRDi Anniversary Edition,2,2,0
Toyota Etios GD SP,2,0,2
Volkswagen Vento TSI,2,1,1
Audi Q5 40 TDI Technology,2,0,2
Maruti Alto 800 VXI BSIV,2,2,0
Tata Sumo MKII LX,2,0,2
Hyundai Verna Transform SX VGT CRDi AT,2,1,1
Audi Q5 3.0 TDI Quattro,2,0,2
Tata Safari 2005-2017 4X4 EX,2,2,0
Tata Indigo LS BSIV,2,0,2
Maruti Celerio VXI CNG,2,1,1
Renault Triber RXL BSIV,2,2,0
Jeep Wrangler 2016-2019 3.6 4X4,2,2,0
Mahindra XUV300 W8 Option Diesel BSIV,2,1,1
Hyundai Santro Xing XG eRLX Euro III,2,0,2
Maruti Swift Dzire Tour 1.2 S STD,2,2,0
Lexus NX 300h,2,2,0
Maruti Celerio X VXI,2,2,0
Hyundai i20 Magna Plus Diesel,2,2,0
Renault Duster 110PS Diesel RxZ AWD,2,0,2
Toyota Fortuner 2016-2021 2.7 2WD AT BSIV,2,2,0
Maruti Celerio VXi AMT,2,1,1
Tata Zest AMT Quadrajet 1.3 XTA,2,0,2
Maruti Swift 1.3 ZXI,2,1,1
Mahindra Scorpio VLX AT AIRBAG BSIV,2,2,0
Hyundai Venue SX Opt Turbo BSIV,2,2,0
Honda Mobilio E i DTEC,2,0,2
Tata Tiago 2019-2020 XZ Opt,2,2,0
BMW X1 sDrive20d M Sport,2,1,1
Land Rover Discovery HSE Luxury 3.0 TD6,2,0,2
Land Rover Freelander 2 HSE SD4,2,0,2
Maruti Ignis Sigma,2,2,0
Fiat Avventura MULTIJET Emotion,2,0,2
Mercedes-Benz E-Class E250 Edition E,2,2,0
BMW Z4 2009-2013 35i,2,2,0
Maruti Ciaz 1.3 Zeta,2,0,2
Tata Indica DLE,2,0,2
BMW 6 Series GT 620d Luxury Line,2,2,0
Maruti Wagon R ZXI AMT 1.2BSIV,2,2,0
Jaguar XJ 3.0L Premium Luxury,2,0,2
Fiat Linea 1.3 Multijet Emotion,2,0,2
Maruti Celerio Green VXI Optional,2,1,1
Mahindra XUV500 W9 BSIV,2,2,0
Jeep Compass 1.4 Limited Option Black,2,2,0
Fiat Punto 1.2 Active,2,0,2
Hyundai Accent Executive,2,0,2
Honda City VTEC,2,2,0
Fiat Linea Emotion,2,0,2
Skoda Rapid 1.6 MPI Ambition,2,2,0
Maruti Swift DDiS LDI,2,0,2
Tata Tigor XZ Plus,2,2,0
Tata Nexon 1.5 Revotorq XZ,2,2,0
BMW 3 Series 320d M Sport,2,1,1
Honda Amaze Ace Edition Petrol BSIV,2,2,0
Datsun GO A EPS,2,2,0
Audi Q5 3.0 TDI Quattro Technology,2,0,2
Ford Figo 1.5D Ambiente ABS MT,2,2,0
Maruti Alto K10 LXI CNG Optional,2,0,2
Hyundai Grand i10 SportZ Edition,2,1,1
Kia Carnival Prestige,2,2,0
Volkswagen Vento 1.5 TDI Highline Plus,2,0,2
Tata Indica DLG,2,0,2
Maruti Wagon R LX BSIII,2,2,0
Maruti Swift VDI Glory Limited Edition,2,0,2
Hyundai Venue S Diesel BSIV,2,2,0
Toyota Innova 2.5 EV Diesel MS 7 Str BSIII,2,0,2
Ford Freestyle Trend Petrol BSIV,2,2,0
Mahindra Scorpio 2009-2014 SLE 7S BSIII,2,2,0
Hyundai EON D Lite Plus Option,2,0,2
Mahindra Scorpio S6 7 Seater,2,2,0
Volvo S60 2015-2020 D5 Inscription,2,0,2
Tata Nexon 1.2 Revotron XZ,2,2,0
Skoda Octavia Ambiente 1.9 TDI MT,2,0,2
Maruti Wagon R VXI Plus Optional,2,1,1
Toyota Innova VX CNG,2,0,2
Volkswagen Vento New Diesel Highline,2,0,2
Volkswagen Ameo 1.5 TDI Comfortline AT,2,0,2
Tata Nexon 1.2 Revotron XMA,2,2,0
Nissan Sunny XE,2,0,2
Chevrolet Tavera Neo 3 LS 10 Seats BSIII,2,0,2
Tata Safari 2005-2017 EX 4x2,2,0,2
Hyundai i20 Magna Plus,2,0,2
Tata Xenon XT EX 4X2,2,0,2
Honda Amaze V CVT Petrol,2,1,1
BMW 6 Series 640d Coupe,2,2,0
Honda Civic V BSIV,2,2,0
Mercedes-Benz GLA Class Facelift,2,0,2
Toyota Corolla Altis 1.8 Limited Edition,2,0,2
Renault Lodgy 110PS RxZ 7 Seater,2,0,2
Toyota Corolla Altis D-4D JS,2,0,2
Maruti Swift AMT ZXI Plus,2,2,0
Tata Indigo eGLX BS IV,2,0,2
Ford Fiesta 1.6 SXi ABS,2,0,2
Hyundai Tucson 2.0 e-VGT 2WD AT GL,2,2,0
Mahindra KUV 100 mFALCON G80 K4 5str,2,2,0
Renault KWID IRON MAN 1.0 AMT,2,2,0
BMW 5 Series 525i,2,2,0
Mercedes-Benz GL-Class 300 4MATIC,2,1,1
Honda Mobilio V Option i DTEC,2,0,2
Honda CR-V 2.4 MT,2,2,0
Honda Amaze E Diesel BSIV,2,2,0
BMW X1 sDrive 20d Sportline,2,2,0
Mahindra Scorpio S6 Plus 8 Seater,2,2,0
Hyundai i10 Sportz 1.1L LPG,2,0,2
Maruti Swift 1.2 DLX (Only Delhi),2,2,0
BMW 5 Series 525d Luxury Line,2,2,0
Maruti Zen LX,2,0,2
Ford Ecosport 1.5 Ti VCT MT Ambiente,2,1,1
Toyota Innova Crysta 2016-2020 2.8 AT Touring Sport BSIV,2,2,0
Mahindra Xylo D2 BSIV,2,0,2
BMW X3 xDrive 20d Luxury Line,2,2,0
Mahindra Scorpio 2.6 Turbo 7 Str,2,2,0
Hyundai Verna 1.4 VTVT GL,2,2,0
Maruti Swift ZXI Plus BSIV,2,2,0
Hyundai Verna VTVT 1.6 EX,2,2,0
Maruti Swift Dzire LDI Optional,2,0,2
Hyundai Santro Asta,2,2,0
Nissan Micra Active XL Option,2,0,2
Mini Cooper S Carbon Edition,2,0,2
Volkswagen Polo 2015-2019 1.0 MPI Trendline,2,2,0
Tata Bolt Revotron XE,2,0,2
Mahindra Scorpio S9 BSIV,2,2,0
Fiat 500 Lounge,1,0,1
Hyundai i20 Sportz Option,1,1,0
Maruti Celerio X ZXI Option,1,1,0
Land Rover Range Rover LWB 4.4 SDV8 Vogue SE,1,1,0
Bentley Continental Flying Spur Speed BSIV,1,1,0
BMW 1 Series 118d Base,1,0,1
Ford Ecosport 2015-2021 S Petrol BSIV,1,1,0
Chevrolet Spark 1.0 LS LPG,1,0,1
Nissan Micra Fashion Edition XL CVT,1,0,1
Mahindra Xylo H8 ABS,1,0,1
BMW 6 Series GT 630i Sport Line,1,1,0
Hyundai Grand i10 Sportz Celebration Edition,1,1,0
Renault Lodgy 85PS Std,1,0,1
Toyota Fortuner 4X2 Diesel AT,1,0,1
Maruti Omni 5 Seater BSIV,1,0,1
Tata Tiago XE,1,0,1
Maruti Ciaz Sigma,1,0,1
Mahindra KUV 100 G80 K6 Plus 6Str,1,0,1
Hyundai Santro LP,1,1,0
Tata Winger Deluxe - Hi Roof (AC),1,0,1
Ford Ikon 1.3 CLXi NXt,1,0,1
Mitsubishi Montero 3.2 GLS,1,0,1
Maruti Swift Dzire 1.2 ZXi BSIV,1,1,0
Mercedes-Benz C-Class 180 Classic,1,1,0
Hyundai Santro Magna BSIV,1,0,1
Fiat Punto 1.3 Dynamic,1,0,1
Mahindra Xylo E8 ABS,1,0,1
Tata Harrier XT,1,1,0
Fiat Avventura Urban Cross 1.3 Multijet Active,1,0,1
Land Rover Range Rover Evoque Convertible HSE Dynamic,1,1,0
Tata Sumo Victa EX 7/9 Str BSII,1,0,1
Isuzu D-Max V-Cross High,1,1,0
Mahindra Thar LX 4-Str Hard Top Diesel AT,1,1,0
Tata Nexon 1.2 Revotron XE,1,1,0
Ford Endeavour 3.2 Trend AT 4X4,1,1,0
Honda CR-V Diesel 2WD,1,0,1
Mercedes-Benz E-Class E270 CDI,1,1,0
Toyota Innova Crysta 2016-2020 2.7 GX MT BSIV,1,1,0
Land Rover Discovery Sport TD4 SE,1,1,0
Mercedes-Benz C-Class 200 CDI Classic,1,1,0
Toyota Innova 2.0 V,1,0,1
Chevrolet Enjoy 1.4 LS 8,1,0,1
Mercedes-Benz E-Class E350 Petrol,1,1,0
Chevrolet Optra Magnum 2.0 LS,1,0,1
Mitsubishi Cedia Elegance,1,0,1
Renault KWID Climber 1.0 AMT Opt,1,1,0
Chevrolet Tavera B2-10 seats BSIII,1,0,1
Volvo S90 D4 Inscription,1,1,0
Volvo XC60 D4 Momentum,1,0,1
Volkswagen Vento Konekt Diesel Comfortline,1,0,1
Porsche Panamera Base,1,1,0
Mercedes-Benz C-Class 200 K Elegance AT,1,1,0
Audi Q7 2006-2020 35 TDI Quattro Premium,1,1,0
Hyundai Verna CRDi 1.6 AT EX,1,1,0
Chevrolet Spark 1.0 LS BS3,1,0,1
Mahindra TUV 300 T10 Opt Dual Tone BSIV,1,0,1
Maruti Ciaz RS ZXi Plus,1,1,0
Honda City 1.5 EXI S,1,1,0
Volvo V40 D3 R-Design,1,0,1
Hyundai Getz 1.3 GLS,1,0,1
Mahindra XUV300 W8 Option Dual Tone BSIV,1,1,0
Hyundai Santro Xing XK,1,0,1
Honda City 1.5 GXI CVT,1,0,1
Hyundai Tucson 2.0 Dual VTVT 2WD AT GLS,1,1,0
Volvo XC60 D3 Summum,1,1,0
Renault Lodgy Stepway 110PS RXZ 7S,1,0,1
Hyundai Grand i10 Era CNG,1,0,1
Mahindra Bolero Power Plus LX,1,0,1
Ford Fiesta 1.6 Special Edition,1,0,1
Toyota Fortuner 2016-2021 2.8 4WD MT,1,0,1
Skoda Octavia L and K 1.9 TDI (MT),1,0,1
Nissan Sunny AT,1,0,1
Toyota Etios Liva G Plus,1,0,1
Hyundai Santro 2018 New,1,0,1
Volkswagen Tiguan 2.0 TDI Comfortline,1,0,1
Tata Altroz XM,1,1,0
Tata Manza Aura Plus Quadrajet,1,0,1
Hyundai i20 1.4 Asta CRDi with AVN,1,1,0
Audi Q5 2.0 TDI Technology,1,0,1
Tata Indica Vista Aqua 1.3 Quadrajet BSIV,1,0,1
Mahindra Marazzo M2 8Str,1,1,0
Honda Amaze S CVT Petrol,1,1,0
Volvo S90 D4 Momentum BSIV,1,1,0
Toyota Corolla H3,1,0,1
Honda Amaze VX CVT Petrol BSIV,1,1,0
BMW 6 Series 650i Coupe,1,1,0
Nissan Micra Active XL ICC WT20 SE,1,0,1
Porsche Cayenne Turbo,1,1,0
Honda WR-V Exclusive Diesel,1,1,0
Hyundai Verna SX AT Diesel,1,1,0
Nissan Micra CVT XV,1,0,1
Honda WR-V i-DTEC V,1,1,0
Mahindra Scorpio VLX 2WD ABS AT BSIII,1,1,0
Tata Tiago NRG Petrol AMT,1,0,1
Skoda Laura 1.9 TDI AT Elegance,1,0,1
Land Rover Range Rover Sport HSE,1,1,0
Toyota Yaris V Optional CVT BSIV,1,1,0
Datsun GO T Option CVT,1,1,0
Chevrolet Tavera B3 LT L1 10 Seats BSIII,1,0,1
Hyundai Santro Xing XG AT,1,0,1
Tata Indigo LS (TDI) BS III,1,0,1
Honda Amaze E Diesel,1,0,1
Ford Aspire 1.2 Ti-VCT Titanium Opt,1,1,0
Toyota Innova Crysta 2.4 ZX 7 STR AT,1,1,0
Kia Seltos HTK G,1,1,0
Mahindra Bolero 2011-2019 mHAWK D70 ZLX,1,1,0
Toyota Innova Crysta 2016-2020 2.7 VX MT,1,1,0
Tata Indica DiCOR DLG BS-III,1,0,1
Honda Jazz Select Edition Mode,1,1,0
Mahindra Scorpio S4 Plus 4WD,1,0,1
Mahindra Bolero 2011-2019 Camper DX,1,0,1
Ford Freestyle Titanium Plus Diesel,1,1,0
Chevrolet Beat Option Pack,1,0,1
Maruti Alto LX BSII,1,0,1
Renault Duster 85PS Diesel STD,1,0,1
Tata Indigo LX TDI BSIII,1,0,1
BMW 3 Series 316i,1,1,0
Chevrolet Aveo 1.4,1,0,1
Ford Fiesta 1.4 Duratec ZXI,1,0,1
Renault Duster 110PS Diesel RxL AMT,1,0,1
Audi A3 35 TDI Technology Navigation,1,0,1
Maruti Wagon R CNG LXI Opt BSIV,1,1,0
Maruti Celerio X AMT VXI BSIV,1,0,1
Mahindra XUV300 W8 Option,1,1,0
Maruti Ertiga LDI,1,0,1
Skoda Fabia 1.2L Diesel Elegance,1,0,1
Maruti Swift Star LDI,1,0,1
Isuzu MUX 2WD,1,1,0
Mahindra Marazzo M2 8Str BSIV,1,1,0
Mahindra XUV300 W6 Diesel BSIV,1,1,0
Honda BR-V Style Edition V,1,0,1
Fiat Linea Classic 1.4 Petrol,1,0,1
Renault Koleos 4X2 MT,1,0,1
Mahindra Jeep CJ 340,1,0,1
Tata Safari 2005-2017 4X2,1,0,1
Hyundai Grand i10 CRDi Era,1,0,1
Mercedes-Benz GLA Class 220 d 4MATIC,1,0,1
BMW 3 Series 325 Ci Convertible,1,1,0
Toyota Glanza G Smart Hybrid,1,1,0
Daewoo Matiz SA,1,0,1
Hyundai Venue SX Sport iMT,1,1,0
Mahindra KUV 100 mFALCON D75 K6 5str AW,1,0,1
Maruti Esteem Vxi - BSII,1,0,1
Chevrolet Optra 1.8 MAX,1,0,1
Ford Classic 1.6 Duratec CLXI,1,0,1
Honda CR-V 2.4L 4WD MT,1,0,1
Tata Sumo SA,1,0,1
BMW 7 Series 730Ld Design Pure Excellence CBU,1,1,0
Mitsubishi Cedia Sports,1,0,1
Hyundai Santro GLS II - Euro I,1,1,0
Volkswagen Vento 2015-2019 1.6 MPI ALL STAR,1,1,0
Audi S4 3.0 TFSi Technology Pack,1,0,1
Mahindra Logan Petrol 1.4 GLX,1,0,1
Mahindra Scorpio VLX 2WD Airbag BSIII,1,0,1
Hyundai Santro Xing XL AT eRLX Euro III,1,0,1
Mahindra Verito Vibe 1.5 dCi D6,1,0,1
Nissan Sunny Diesel Special Edition,1,0,1
BMW 5 Series 530i,1,0,1
Renault Lodgy 110PS RxL 7 Seater,1,0,1
Hyundai Venue S Turbo,1,1,0
Renault KWID 1.0 RXT Opt,1,1,0
MG Hector Super Diesel MT,1,1,0
Chevrolet Enjoy Petrol LTZ 8 Seater,1,0,1
Mahindra Scorpio S7 120,1,1,0
Mahindra Bolero Power Plus Special Edition,1,0,1
Volkswagen Polo Select 1.2 MPI Highline,1,1,0
Ford Freestyle Titanium Diesel,1,0,1
Isuzu MU 7 4x2 BS III,1,0,1
Hyundai Verna i (Petrol),1,0,1
Mahindra KUV 100 mFALCON G80 K6 AW,1,1,0
Tata Indica DLX BSIII,1,0,1
Skoda Rapid Leisure 1.6 TDI MT,1,0,1
Nissan Kicks XL BSIV,1,1,0
Mahindra TUV 300 T4 Plus BSIV,1,0,1
Maruti Swift LXI Option SP Limited Edition,1,1,0
Hyundai Verna 1.4 EX,1,1,0
Land Rover Range Rover Evoque Pure,1,1,0
Hyundai Santro Xing Base,1,0,1
Honda City 2017-2020 CVT,1,1,0
Ford Endeavour 2.2 Titanium AT 4X2 Sunroof,1,1,0
Maruti Swift DDiS ZDI Plus,1,0,1
Mahindra Scorpio VLX 2WD AT BSIII,1,1,0
Renault Duster RXL AWD,1,0,1
Mercedes-Benz C-Class Progressive C 200,1,0,1
Mini Cooper Hatch,1,0,1
Audi Q3 2.0 TFSI Quattro Premium Plus,1,0,1
Maruti Wagon R VXI Opt,1,1,0
Hyundai i20 Active SX Dual Tone Petrol,1,0,1
Maruti Gypsy King Hard Top BSII,1,0,1
Ford Ecosport 2015-2021 1.5 TDCi Titanium BE BSIV,1,1,0
Toyota Innova Crysta 2016-2020 2.7 GX MT,1,1,0
Volkswagen Passat 2.0 PD DSG,1,0,1
Ford Aspire 1.2 Ti-VCT Ambiente ABS,1,1,0
Tata Bolt Quadrajet XMS,1,0,1
Mahindra Bolero DI Non AC BSIII,1,1,0
Skoda Rapid 2011-2013 1.6 TDI Elegance Plus,1,0,1
Skoda Laura Elegance 2.0 TDI CR AT,1,0,1
Toyota prado Diesel VX,1,0,1
Mahindra Bolero 2011-2019 DI NON AC BS III SILVER,1,1,0
Maruti Swift VXI BSIII W/ ABS,1,1,0
Skoda Fabia 1.2 TDI Active,1,0,1
Volkswagen Polo 2015-2019 Cup Edition Comfortline,1,0,1
Ambassador Avigo 1800 ISZ MPFI AC,1,0,1
Tata Sumo MKII GX BS IV,1,0,1
Audi A8 L 50 TDI Quattro,1,0,1
Fiat Linea T Jet,1,0,1
Hyundai Santro Xing XS,1,0,1
Mercedes-Benz E-Class E350 Coupe,1,0,1
Honda Mobilio V Option i VTEC,1,0,1
Tata Indica eLE,1,0,1
Datsun GO Plus Style,1,1,0
Audi A4 2.0 TDI 177 Bhp Technology Edition,1,0,1
BMW 7 Series 730Ld M Sport,1,1,0
Volvo XC60 D5 Summum,1,0,1
Hyundai Getz 1.5 CRDi GVS,1,0,1
Ford Figo 1.2P Ambiente MT,1,0,1
Land Rover Range Rover Sport 3.0 D SE,1,1,0
Maruti Wagon R ZXI 1.2,1,1,0
Hyundai Sonata 2.0L CRDi MT,1,0,1
Maruti Wagon R AX Minor,1,1,0
Honda Accord VTi-L AT,1,0,1
Audi A6 3.0 TDI Quattro Premium Plus,1,0,1
Maruti Celerio ZXI Optional MT BSIV,1,1,0
Nissan Teana 230jM,1,0,1
Land Rover Freelander 2 HSE,1,0,1
Nissan Kicks XV BSIV,1,1,0
Chevrolet Captiva 2.2 LTZ AWD,1,0,1
Renault KWID 1.0 RXT AMT Opt,1,1,0
Maruti Alto LXi BSII,1,0,1
Tata Indica DLS BSII,1,0,1
Chevrolet Optra Magnum 2.0 LT BS3,1,0,1
Skoda Rapid 1.6 MPI Active Plus,1,1,0
BMW 5 Series 523i,1,1,0
Ford Aspire 1.5 TDCi Sports Edition,1,1,0
Toyota Innova Crysta 2.5 VX BSIV,1,0,1
Ford Ecosport 2015-2021 Signature Edition Petrol BSIV,1,1,0
Volkswagen Jetta 1.9 TDI Comfortline DSG,1,0,1
Nissan Kicks 1.3 Turbo XV,1,1,0
Maruti Swift Dzire Tour 1.2 S STD Opt,1,1,0
Hyundai i20 Asta Option,1,1,0
Jeep Compass 2.0 Limited Plus BSIV,1,1,0
Porsche Cayenne Base,1,1,0
Ambassador Classic 2000 Dsz,1,0,1
Mahindra Scorpio LX 2.6 Turbo,1,1,0
Renault Lodgy 110PS RxL,1,0,1
Hyundai Kona Premium,1,1,0
Maruti Celerio X ZXI,1,1,0
Hyundai Santro LS,1,1,0
BMW X4 M Sport X xDrive30d,1,1,0
Tata Nexon XZA Plus DualTone Roof AMT S,1,0,1
Porsche Cayenne 3.6 Base Platinum Edition,1,0,1
Chevrolet Spark 1.0 LT Option Pack w/ Airbag,1,0,1
MG Hector Hybrid Sharp MT BSIV,1,0,1
Honda New Accord 2008-2011 2.4 Inspire A/T,1,0,1
Maruti Eeco Flexi Green,1,1,0
Tata Tigor XZ Diesel,1,0,1
Chevrolet Tavera Neo 3 Max 10 Seats BSIV,1,0,1
Chevrolet Aveo 1.4 LT BSIV,1,0,1
Fiat Linea 1.3 Multijet Elegante,1,0,1
Hyundai i20 Petrol Asta Option,1,1,0
Toyota Innova 2.0 VX 8 STR BSIV,1,0,1
BMW M Series X5 M,1,0,1
Kia Seltos HTX Plus AT D,1,0,1
Porsche Cayman S,1,0,1
Lamborghini Gallardo Spyder,1,0,1
Chevrolet Enjoy Petrol LT 7 Seater,1,0,1
Jaguar XE Prestige,1,1,0
Mahindra Xylo H4 8 Str,1,0,1
Fiat Palio Stile 1.3 SDX,1,0,1
Porsche Macan 2L,1,1,0
Datsun GO A Option Petrol,1,1,0
Tata Vista Quadrajet VX Tech,1,0,1
Mahindra KUV 100 Trip,1,0,1
Honda Amaze S Option CVT i-VTEC,1,1,0
Tata Harrier XZ,1,1,0
Mahindra Scorpio VLX SE BSIII,1,1,0
Isuzu MU 7 AT Premium,1,0,1
BMW 1 Series 116i,1,0,1
Ford Fiesta 1.4 Durasport EXI,1,0,1
Renault KWID Climber 1.0 AMT Opt BSIV,1,1,0
Ford Ikon 1.6 SXi,1,0,1
Toyota Etios Cross 1.5L V,1,0,1
Hyundai Verna SX Opt AT Diesel,1,1,0
Tata Indica GLS,1,0,1
Renault Duster RXS Option CVT BSIV,1,1,0
Skoda Octavia Active 1.4 TSI MT,1,1,0
Porsche Macan 2013-2019 R4,1,1,0
Land Rover Discovery Sport Si4 HSE,1,1,0
Volkswagen Passat 1.8 TSI MT,1,0,1
Mahindra KUV100 NXT G80 K8,1,1,0
Maruti Vitara Brezza LXI,1,1,0
Mahindra Bolero 2011-2019 mHAWK D70 SLX,1,1,0
Volkswagen Ameo 1.5 TDI Comfortline,1,0,1
BMW 3 Series 320d GT Sport Line,1,1,0
Maruti 800 Std MPFi,1,0,1
Skoda Kodiaq 2.0 TDI Style,1,0,1
Volkswagen Polo 2015-2019 GT TDI Sport Edition,1,0,1
Tata Indica Vista Aura Plus 1.3 Quadrajet,1,0,1
Hyundai Accent CRDi,1,0,1
Tata Nano CX SE,1,0,1
BMW 5 Series 530i M Sport,1,1,0
Rolls-Royce Ghost Series II Extended Wheelbase,1,1,0
Maruti Ertiga SHVS LDI,1,0,1
Maruti Alto 800 2016-2019 Tour H,1,1,0
BMW 7 Series 750Li,1,1,0
Renault Captur 1.5 Petrol RXT Mono,1,0,1
Tata Nexon 1.5 Revotorq XT Plus,1,1,0
Maruti Alto Std BSII,1,0,1
Maruti Alto VXi,1,0,1
Hyundai Santro Sportz SE AMT BSIV,1,1,0
Tata Tiago 1.05 Revotorq XM Option,1,0,1
Hyundai Creta 1.6 SX Option Executive,1,1,0
Honda Amaze VX O iDTEC,1,1,0
Tata Tiago 1.2 Revotron XM Option,1,1,0
Hyundai Elantra 2.0 SX,1,1,0
Skoda Octavia 2.0 TDI AT Style,1,0,1
Maruti Gypsy King ST BSIII,1,0,1
Tata Sumo MKII LX BS IV,1,0,1
Tata Safari 2005-2017 DICOR 2.2 VX 4x2 BS IV,1,1,0
Tata Indica V2 DLG TC,1,0,1
Tata Manza Aura (ABS) Safire BS IV,1,0,1
Volkswagen Vento Magnific 1.6 Highline,1,1,0
Toyota Innova 2.5 GX 7 STR,1,0,1
Honda City CNG,1,0,1
Maruti Swift ZXI 2018,1,1,0
Ford Fiesta Petrol Trend,1,0,1
Skoda Rapid 1.5 TDI Style Plus,1,0,1
Volkswagen Polo IPL II 1.2 Diesel Highline,1,0,1
Skoda Rapid Monte Carlo 1.5 TDI MT BSIV,1,0,1
Hyundai EON Magna Plus Sports Edition,1,0,1
Hyundai i20 Sportz,1,1,0
Toyota Platinum Etios 1.5 GX,1,0,1
Renault Triber RXT,1,1,0
Jeep Compass 2.0 Longitude BSIV,1,1,0
Mitsubishi Lancer 2.0 LXd,1,0,1
Mercedes-Benz C-Class C250 Avantgarde,1,1,0
Mahindra Xylo H4 ABS,1,0,1
Ford Fiesta 1.6 Duratec S,1,0,1
Chevrolet Tavera Neo 3 LS 7 Seats BSIII,1,0,1
MG Hector Hybrid Super MT BSIV,1,1,0
Renault Captur 1.5 Petrol RXT,1,0,1
Skoda Octavia 1.8 TSI AT Style,1,1,0
Jeep Compass 2.0 Limited Plus AT,1,1,0
Hyundai Accent GLS,1,0,1
BMW 5 Series 530d Highline Sedan,1,1,0
Maruti Zen Base,1,0,1
Hyundai Grand i10 1.2 Kappa Magna CNG BSIV,1,0,1
Mahindra Scorpio Gateway 2WD,1,1,0
Mercedes-AMG C 43,1,1,0
Tata Tigor 1.2 Revotron XZA,1,1,0
Toyota Yaris VX BSIV,1,1,0
Ford Figo 1.5D Ambiente MT,1,1,0
Toyota Land Cruiser Prado VX L,1,0,1
Skoda Laura Ambition 2.0 TDI CR MT,1,0,1
Force Gurkha Hard Top BS3 4WD,1,1,0
Mercedes-Benz S-Class 500,1,1,0
Mahindra Scorpio VLX 4WD BSIV,1,1,0
Tata Nexon 1.2 Revotron XZ Plus Dual Tone,1,1,0
Mahindra Scorpio Getaway 4WD,1,1,0
Toyota Corolla Altis 1.4 DG,1,0,1
Tata Indica V2 DLX TC ABS,1,0,1
Hyundai i10 Asta VTVT,1,0,1
Tata Vista Quadrajet 90 ZX Plus,1,0,1
Honda City 1.3 LXI,1,1,0
Land Rover Range Rover Vogue SE 4.4 SDV8,1,0,1
Audi A3 cabriolet 40 TFSI Premium Plus,1,0,1
Maruti Ertiga VXI CNG Limited Edition,1,1,0
Toyota Land Cruiser 200 V8 Petrol,1,0,1
BMW 3 Series 320d Luxury Line Plus,1,1,0
Tata Sumo Gold FX BSIII,1,0,1
Tata Indica LSI BSIII,1,0,1
Renault Triber RXT BSIV,1,1,0
Ford Ecosport 2015-2021 1.5 TDCi Platinum Edition BSIV,1,1,0
Skoda Rapid 1.6 MPI Ambition BSIV,1,0,1
Volkswagen Polo 2015-2019 1.5 TDI Highline Plus,1,0,1
ISUZU MUX 4X4,1,1,0
Maruti Omni LPG STD BSIII 5-STR W IMMOBILISER,1,0,1
Ford Fiesta 1.6 SXi Duratec,1,0,1
Mahindra Bolero 2011-2019 DI 4WD NON AC,1,1,0
Ford Endeavour 4x2 XLT,1,1,0
Maruti Wagon R VXI BSII,1,1,0
Toyota Innova Crysta 2016-2020 2.7 GX AT 8S BSIV,1,1,0
Maruti Versa DX1 8-SEATER BSIII SINGLE A/C,1,0,1
Maruti Wagon R VXi BSII,1,1,0
Mahindra Xylo E4 8S,1,0,1
Audi A4 35 TFSi Premium,1,1,0
Hyundai Santro Xing Non AC eRLX Euro II,1,0,1
Maruti Wagon R LXI LPG BSIV,1,0,1
Nissan Micra XV D,1,0,1
Fiat Punto Pure 1.3L Advanced Multi-Jet,1,0,1
Mahindra XUV500 W9 AT,1,1,0
Mahindra Scorpio VLX 2WD AT BSIV,1,1,0
Hyundai Santro Xing (Non-AC),1,0,1
Mahindra KUV100 NXT G80 K8 5Str BSIV,1,1,0
Mahindra Xylo E8 ABS Airbag BS III,1,0,1
Toyota Corolla H7,1,0,1
Hyundai i20 1.4 Magna ABS,1,1,0
Toyota Etios VXD,1,0,1
Hyundai Xcent 1.2 VTVT SX Option,1,0,1
Hyundai Santro Xing XG eRLX Euro II,1,0,1
Tata Sumo MKII EX,1,0,1
Maruti Alto K10 Knightracer,1,0,1
Audi A6 2.8 FSI,1,1,0
Ford Fiesta 1.4 ZXi TDCi LE,1,0,1
Ford Fiesta Petrol Titanium,1,0,1
Skoda Superb 1.8 TSI,1,1,0
Hyundai Santro Xing XL eRLX Euro II,1,0,1
Hyundai Terracan CRDi,1,0,1
Chevrolet Tavera ELITE LT L1 9 Seats BSIII,1,0,1
Kia Seltos HTX G,1,0,1
Tata Sumo SE Plus BSII,1,0,1
Nissan Kicks Diesel,1,0,1
Maruti Ignis 1.3 Zeta,1,0,1
Mahindra Scorpio Intelli Hybrid S8,1,1,0
Toyota Corolla Altis 1.8 G L CNG,1,0,1
Maruti Ciaz Zeta BSIV,1,1,0
Mahindra Renault Logan 1.4 GLX,1,0,1
Mahindra XUV300 W6 Diesel,1,1,0
Tata Tigor 1.2 Revotron XE,1,1,0
Mahindra XUV300 W8 Diesel BSIV,1,0,1
Ford Aspire 1.5 TDCi Ambiente,1,1,0
Maruti Wagon R AMT VXI Plus Option,1,1,0
Nissan Sunny XV D Premium Leather,1,0,1
Fiat Palio Stile 1.1 SLX,1,0,1
Tata Vista Quadrajet 90 VX,1,0,1
Mahindra Scorpio S11 4WD BSIV,1,1,0
Mahindra Bolero 2011-2019 DI NON AC BS III White,1,1,0
BMW 3 Series 330i Sport Line,1,1,0
Hyundai Elantra 2.0 S,1,1,0
Skoda Superb Style 2.0 TDI AT,1,0,1
Mahindra Bolero GLX,1,1,0
Tata Vista Quadrajet VX,1,0,1
Honda City i DTec E,1,1,0
Maruti Zen LXi BSII,1,0,1
Maruti Omni 5 Seater,1,0,1
Fiat Punto EVO 1.2 Dynamic,1,0,1
Audi Q5 2.0 TFSI Quattro,1,0,1
Mini Cooper Countryman One,1,1,0
Tata Tigor 1.05 Revotorq XT,1,0,1
Nissan Sunny Petrol Special Edition,1,0,1
Mahindra Scorpio 2009-2014 VLX 2WD AT 7S,1,1,0
Mahindra e2o Premium,1,0,1
Mahindra Scorpio Getaway,1,1,0
Nissan Terrano XL P,1,0,1
Maruti Dzire ZXI Plus,1,1,0
Honda Amaze Ace Edition CVT Petrol BSIV,1,1,0
Mahindra Bolero XL 9 Seater Non AC,1,1,0
Tata Indica LPG GLS,1,0,1
Tata Indigo LX Dicor,1,0,1
Audi Q3 30 TDI S Edition,1,0,1
Skoda Fabia 1.4 TDI Elegance,1,0,1
Toyota Innova 2.5 EV (Diesel) PS 8 Seater BS IV,1,0,1
Mahindra Scorpio S11,1,1,0
Mini Cooper Cooper SD,1,0,1
Mahindra Renault Logan 1.5 DLE Diesel,1,0,1
Jaguar XJ 50 Special Edition,1,0,1
Hyundai Santro Magna CNG,1,1,0
Lexus RX 450hL,1,1,0
Tata Tiago XT,1,1,0
Maruti Vitara Brezza ZXI Plus,1,1,0
BMW 3 Series 325i,1,1,0
Chevrolet Tavera Neo 3 Max 10 Seats BSIII,1,0,1
BMW 5 Series 525d,1,1,0
Nissan Micra AT,1,0,1
Mercedes-Benz C-Class Progressive C 220d,1,1,0
Mahindra Bolero 2011-2019 Special Edition,1,1,0
Tata Indica DLG BSIII,1,0,1
Volkswagen Vento 1.6 Highline Plus 16 Alloy,1,1,0
Fiat Linea 1.3 Emotion,1,0,1
Renault Duster RXE 85PS BSIV,1,0,1
Skoda Rapid 1.5 TDI AT Ambition Plus,1,0,1
Maruti Omni BSIII 8-STR W/ IMMOBILISER,1,0,1
Mahindra Bolero ZLX,1,1,0
Mahindra Bolero 2011-2019 Plus Non AC,1,1,0
Land Rover Range Rover Evoque 2.0 R-Dynamic SE diesel,1,1,0
Ford Freestyle Ambiente Diesel,1,0,1
Mahindra Thar 4X2,1,1,0
Hyundai Venue SX iMT,1,1,0
Tata Sumo LX 10/7 Str BSII,1,0,1
Mercedes-Benz C-Class 220 CDI MT,1,1,0
Maruti Wagon R VXI AMT 1.2,1,1,0
Volkswagen Polo IPL II 1.6 Petrol Highline,1,1,0
Honda City V MT Exclusive,1,1,0
Land Rover Freelander 2 SE,1,0,1
Maruti Celerio ZDi Option,1,0,1
Mercedes-Benz CLA 200 Sport Edition,1,0,1
Hyundai Venue SX Diesel BSIV,1,1,0
Renault Captur 1.5 Diesel RXL,1,0,1
Honda BRV i-DTEC E MT,1,0,1
Nissan Terrano XV D Pre,1,0,1
Mercedes-Benz B-Class B200 CDI Sport,1,0,1
Tata Safari 2005-2017 DICOR 2.2 GX 4x4 BS IV,1,0,1
Hyundai Verna Anniversary Edition Petrol AT,1,1,0
Maruti Ertiga 1.5 ZDI Plus,1,0,1
Fiat Linea Classic 1.3 Multijet,1,0,1
Volkswagen Polo 1.0 MPI Comfortline Plus,1,1,0
Chevrolet Enjoy TCDi LTZ 8 Seater,1,0,1
Hyundai Verna Transform SX VGT CRDi AT BS III,1,1,0
Skoda Rapid 1.5 TDI AT Elegance Black Package,1,0,1
Land Rover Discovery SE 3.0 TD6,1,0,1
Mahindra Bolero Pik-Up FB 1.7T,1,1,0
Maruti 1000 AC,1,0,1
Jeep Compass 1.4 Limited Plus,1,1,0
Maruti Alto XCITE,1,0,1
Volvo V40 Cross Country D3,1,0,1
Mercedes-Benz GL-Class Grand Edition Executive,1,0,1
Maruti Celerio ZXI AMT Optional,1,1,0
Honda Amaze Exclusive Edition CVT Petrol,1,1,0
Maruti Zen Estilo Sports,1,0,1
Maruti Swift VDI Deca,1,0,1
Honda Jazz 1.2 V i VTEC Privilege,1,1,0
Chevrolet Sail Hatchback 1.2 LT ABS,1,0,1
Tata Harrier XZ Plus Dark Edition,1,1,0
Skoda Rapid 1.6 MPI AT Style Black Package,1,1,0
Fiat Avventura Urban Cross 1.4 T-Jet Emotion,1,0,1
Skoda Laura Ambiente,1,0,1
Jaguar F-PACE Prestige 2.0 Petrol,1,1,0
Toyota Qualis GS C5,1,0,1
Honda WR-V Alive Edition Diesel S,1,1,0
Honda Amaze V Diesel BSIV,1,0,1
Tata Nexon EV XM,1,1,0
Datsun GO Plus D,1,1,0
Hyundai i20 Sportz IVT,1,1,0
Jaguar XF Aero Sport Edition,1,0,1
Kia Seltos GTK,1,1,0
Tata Tigor JTP Petrol,1,0,1
Tata Nano Std BS IV,1,0,1
Premier Rio Petrol GLX,1,0,1
Porsche Cayenne 3.6 S Platinum Edition,1,1,0
Volkswagen Ameo 1.0 MPI Comfortline Plus,1,0,1
Skoda Octavia Elegance 1.9 TDI AT,1,0,1
Maruti SX4 ZXI AT Leather,1,0,1
Tata Sumo Victa LX 7/9 Str BSII,1,0,1
Mahindra Supro VX 5 Str,1,0,1
Skoda Laura 1.9 TDI MT Elegance,1,0,1
Honda City Edge Edition SV,1,1,0
Hyundai Accent VIVA,1,0,1
Maruti Celerio VXI AMT Optional,1,1,0
Maruti Swift LXI 2018,1,1,0
Fiat Punto 1.4 Emotion,1,0,1
Chevrolet Tavera Neo 2 LT L 7C,1,0,1
Mahindra Alturas G4 4X4 AT BSIV,1,1,0
Mahindra KUV100 NXT G80 K6 Plus,1,0,1
Ford Endeavour Hurricane LE,1,1,0
Mahindra Bolero DI AC BSIII,1,1,0
Maruti Ciaz S 1.4,1,0,1
Tata Xenon XT EX 4X4,1,0,1
Tata Sumo CX 10 Str BSIV,1,0,1
Mahindra KUV 100 mFALCON G80 K6,1,1,0
Chevrolet Tavera LS B3 10 Seats BSIII,1,0,1
Porsche Cayenne GTS,1,1,0
Mercedes-Benz GLA AMG 45 4MATIC,1,0,1
Chevrolet Sail Hatchback Petrol,1,0,1
Mahindra Renault Logan 1.5 DLSX,1,0,1
Honda City 1.5 EX-S,1,1,0
Tata Venture LX,1,0,1
Land Rover Discovery Sport SD4 HSE Luxury,1,0,1
Tata Tiago 2019-2020 XM,1,1,0
Toyota Innova 2.5 E Diesel PS 7-Seater,1,0,1
Tata Safari 2005-2017 Dicor LX 4X4,1,0,1
Hyundai Grand i10 Sportz CNG,1,1,0
Chevrolet Tavera Neo LS B3 - 10 seats BSIII,1,0,1
Audi A4 1.8 TFSI Premium Plus,1,1,0
Mercedes-Benz CLK Class 230 K,1,0,1
Maruti Swift AMT DDiS VDI,1,0,1
Honda Jazz Active,1,0,1
Hyundai i20 Asta Opt Diesel,1,1,0
Renault KWID STD,1,1,0
Renault KWID 1.0 RXL 02 Anniversary Edition,1,1,0
Mahindra XUV300 W4 BSIV,1,1,0
Chevrolet Tavera Neo 3 LT 9 Seats BSIII,1,0,1
Tata Aria Pleasure 4x2,1,0,1
Volkswagen Polo GT 1.5 TDI,1,0,1
Hyundai Aura SX Option,1,1,0
Jaguar XE 2016-2019 2.0L Diesel Portfolio,1,0,1
Volkswagen Ameo 1.0 MPI Highline,1,0,1
Honda WR-V Edge Edition i-DTEC S,1,1,0
Toyota Innova 2.0 VX (Petrol) 7 Seater,1,0,1
Mahindra Bolero SLX 4WD BSIII,1,1,0
Skoda Fabia 1.2 MPI Elegance,1,0,1
Honda CR-V 2.0L 2WD MT,1,1,0
Mahindra XUV300 W6 BSIV,1,1,0
Chevrolet Optra 1.8,1,0,1
Hyundai Getz 1.3 GLX,1,0,1
Maruti Celerio X VXI BSIV,1,1,0
Mercedes-Benz SLC AMG 43 Red Art,1,0,1
Nissan Sunny XV CVT,1,0,1
Mahindra KUV 100 G80 K4 Plus 6Str,1,1,0
Mahindra Renault Logan 1.4 GLX BSIV Petrol,1,0,1
Force One 4X2 6 Seating,1,0,1
Fiat Linea Active (Diesel),1,0,1
Mahindra Scorpio VLX 4WD AIRBAG AT BSIV,1,1,0
BMW X5 xDrive 30d Design Pure Experience 7 Seater,1,1,0
Hyundai Venue S Turbo BSIV,1,1,0
Skoda Rapid 1.5 TDI AT Elegance Plus Black Package,1,0,1
Nissan Micra XV Primo,1,0,1
Mahindra XUV500 W11 AT BSIV,1,1,0
Honda City Anniversary i-VTEC CVT ZX,1,0,1
Toyota Platinum Etios 1.4 GD,1,0,1
Toyota Platinum Etios 1.4 VD,1,0,1
Toyota Platinum Etios VXD Limited Edition,1,0,1
Volvo V40 Cross Country D3 Inscription,1,0,1
Maruti Alto K10 LXI Optional,1,0,1
Toyota Qualis FS F3,1,0,1
Renault KWID RXE,1,0,1
Tata Tiago 2019-2020 XZ Diesel,1,0,1
Skoda Rapid 1.6 TDI PRESTIGE,1,0,1
Mercedes-Benz E-Class E350 Diesel,1,1,0
Toyota Fortuner 4x2 4 Speed AT TRD Sportivo,1,1,0
Maruti Ciaz 1.4 AT Delta,1,1,0
Hyundai Getz GL,1,0,1
Hyundai Verna 1.6 Xi ABS,1,1,0
Chevrolet Aveo 1.4 LT ABS BSIV,1,0,1
Volvo S40 Petrol,1,0,1
Chevrolet Spark 1.0 LT LPG,1,0,1
Hyundai Creta SX Diesel AT,1,0,1
Mahindra KUV 100 mFALCON D75 K8 5str,1,0,1
Hyundai Elantra Facelift,1,1,0
Honda Amaze S Plus i-VTEC,1,0,1
Datsun GO Plus D Petrol,1,1,0
Maruti Celerio VXI Optional,1,1,0
Honda Amaze Anniversary Edition,1,1,0
Hyundai i20 1.2 Asta with AVN,1,0,1
Tata Tiago 2019-2020 XZ Opt Diesel,1,0,1
Tata Tiago 1.05 Revotorq XT Option,1,0,1
BMW X3 xDrive20d xLine,1,1,0
Honda City V AT Exclusive,1,1,0
Toyota Innova 2.5 E Diesel MS 8-seater,1,0,1
Chevrolet Sail Hatchback 1.3 TCDi,1,0,1
Nissan X-Trail SLX AT,1,1,0
Fiat Grande Punto Active,1,0,1
Hyundai Creta 1.6 SX Dual Tone,1,0,1
Hyundai Elantra 2.0 SX Option,1,1,0
Land Rover Range Rover Velar R-Dynamic S Diesel,1,0,1
Honda Civic V,1,1,0
Hyundai Xcent Prime T Plus CNG BSIV,1,0,1
Jeep Compass 2.0 Longitude Option,1,1,0
Hyundai Verna Transform CRDi VGT ABS,1,1,0
BMW Z4 M40i,1,1,0
Ferrari GTC4Lusso T,1,1,0
Tata Indigo LS DiCOR,1,0,1
Audi A3 35 TDI Technology,1,0,1
Maruti Alto K10 Plus Edition,1,0,1
Volkswagen Ameo 1.5 TDI Highline Plus 16,1,0,1
Mini Cooper Cooper S,1,0,1
Tata Aria Prestige Leather,1,0,1
Mahindra Bolero 2011-2019 DI BSIII,1,1,0
Mahindra TUV 300 mHAWK100 T8 AMT,1,0,1
Tata Indica Vista Aqua 1.3 Quadrajet (ABS),1,0,1
Hyundai i10 Asta 1.2 AT with Sunroof,1,1,0
Skoda Laura L n K 1.9 PD AT,1,0,1
Volvo S60 D4 SUMMUM,1,0,1
Tata Indigo GLE BS-III,1,0,1
Mahindra Xylo D4 BSIII,1,0,1
Tata Winger Deluxe - Flat Roof (AC),1,0,1
Mahindra KUV100 NXT G80 K4 Plus 5Str,1,1,0
Nissan Kicks 1.5 XL,1,0,1
Toyota Innova 2.0 GX 8 STR BSIV,1,0,1
Skoda Fabia 1.6 MPI Elegance,1,0,1
Chevrolet Tavera Neo 3 Max 9 Str BSIII,1,0,1
Tata Safari 2005-2017 DICOR 2.2 EX 4x4,1,1,0
Volkswagen Jetta 1.9 TDI Trendline,1,0,1
Skoda Rapid 1.5 TDI Active BSIV,1,0,1
Honda Brio AT,1,0,1
Volkswagen Ameo 1.5 TDI Highline Plus 16 AT,1,0,1
Honda Amaze VX CVT Diesel,1,1,0
Maruti Celerio LXI MT BSIV,1,1,0
Audi A6 45 TFSI Premium Plus,1,1,0
Volkswagen Ameo 1.5 TDI Highline Plus,1,0,1
Tata Indica eGLS,1,0,1
Maruti 800 DX,1,0,1
Mercedes-Benz E-Class E200 Edition E,1,1,0
Ford Aspire Titanium BSIV,1,1,0
Mercedes-Benz CLA 45 AMG,1,0,1
Maruti Alto 800 LX Optional,1,0,1
Mercedes-Benz CLS 300d,1,1,0
Land Rover Range Rover 3.0 Vogue,1,1,0
Maruti Swift ZXI BSIII,1,1,0
Tata Indica eL,1,0,1
Mercedes-Benz GLA Class 200 CDI,1,0,1
Porsche Boxster S,1,0,1
Mercedes-Benz CLS 350 BE,1,0,1
Volvo S 80 D5,1,0,1
Hyundai i20 1.4 CRDi Era,1,1,0
Maruti SX4 Green Vxi (CNG),1,0,1
Audi A4 1.8 TFSI Technology Edition,1,1,0
Skoda Laura Ambiente 1.9 PD,1,0,1
Mahindra XUV500 W11 Option AWD,1,1,0
Tata Manza Aura Plus Safire,1,0,1
Maruti Alto 800 Base,1,1,0
Mahindra Bolero VLX BS IV,1,1,0
Skoda Superb Ambition 2.0 TDI CR AT,1,0,1
Mercedes-Benz E-Class 280 Elegance,1,1,0
Hyundai Grand i10 1.2 Kappa Era,1,1,0
Mahindra KUV 100 mFALCON G80 K4 Plus,1,1,0
Volkswagen Vento 1.5 TDI Comfortline BSIV,1,0,1
Ford Ikon 1.3 EXi,1,0,1
Skoda Rapid Monte Carlo 1.6 MPI AT BSIV,1,1,0
Skoda Fabia 1.4 TDI Active,1,0,1
Skoda Octavia Zeal Elegance 2.0 TDI AT,1,0,1
Tata Tiago 2019-2020 XZA,1,1,0
Hyundai Verna Transform VTVT with Audio,1,1,0
Ford Classic 1.6 Duratec Titanium,1,0,1
MG Hector Hybrid Super MT,1,1,0
Tata Safari 2005-2017 DICOR 2.2 GX 4x2,1,1,0
Chevrolet Tavera B1 10 seats BSIII BG,1,0,1
BMW X3 3.0d SAV,1,1,0
Audi A6 35 TFSI Premium,1,1,0
Renault KWID Climber 1.0 MT BSIV,1,1,0
Hyundai i20 Diesel Magna Era,1,1,0
Skoda Superb Style 1.8 TSI MT,1,1,0
Hyundai Verna Transform VGT CRDi with Audio,1,1,0
Toyota Etios GD Xclusive Edition,1,0,1
Mercedes-Benz A-Class A200 CDI Sport,1,0,1
Chevrolet Sail Hatchback Petrol LT ABS,1,0,1
Mahindra NuvoSport N8 AMT,1,0,1
Maserati Quattroporte Diesel BSIV,1,1,0
Mercedes-Benz S-Class S 450,1,1,0
Volkswagen Vento IPL II Diesel Trendline,1,0,1
Maruti Versa DX1 8 Seater,1,0,1
Ford Fiesta 1.4 TDCi EXI,1,0,1
Mahindra Scorpio 2006-2009 LX 2.6 Turbo 9 Str,1,1,0
Volkswagen Ameo 1.5 TDI Comfortline Plus AT,1,0,1
Volkswagen Passat Diesel Comfortline 2.0 TDI,1,0,1
Honda Amaze V Diesel,1,1,0
Mahindra KUV 100 mFALCON G80 K8 Dual Tone,1,1,0
Tata Indica 1.2 GLE BSIII,1,0,1
Mahindra e2oPlus P6,1,0,1
Maruti Ertiga LXI Option,1,1,0
Maruti Esteem Lxi,1,0,1
Nissan Micra Diesel XL,1,0,1
Renault KWID 1.0 RXT Opt BSIV,1,1,0
Ford Endeavour Hurricane Limited Edition,1,1,0
Toyota Innova 2.5 E Diesel PS 8-Seater,1,0,1
Hyundai Getz GVS,1,0,1
Ford Fiesta 1.6 SXI Duratec,1,0,1
Datsun GO Plus T CVT,1,1,0
Fiat Grande Punto EVO 1.2 Active,1,0,1
Tata Manza Aura Safire,1,0,1
Fiat Palio Adventure,1,0,1
Datsun RediGO SV,1,1,0
Nissan Micra Diesel XV Primo,1,0,1
Maruti Baleno Vxi - BSIII,1,1,0
Mercedes-Benz E-Class E350 CDI Elegance,1,1,0
Lexus RX 450h Luxury,1,1,0
Toyota Land Cruiser Prado VXL,1,0,1
Tata Tiago 2019-2020 XZ Plus DualTone Diesel,1,0,1
Hyundai i20 Active SX Dual Tone Diesel,1,0,1
Nissan X-Trail SLX MT,1,1,0
Volvo S60 D5 Kinetic,1,0,1
Tata Indigo eGVX,1,0,1
Fiat Palio 1.2 ELX,1,0,1
Renault Duster Adventure Edition 85PS RXL,1,0,1
Hyundai Santro Xing ABS,1,0,1
Volkswagen Vento IPL II Petrol Highline AT,1,1,0
Maruti 800 Std BSII,1,0,1
Mercedes-Benz C-Class C 220 CDI Celebration Edition,1,1,0
Volvo XC60 D4 Summum,1,1,0
Honda Amaze V CVT Diesel,1,1,0
Tata Tiago NRG Petrol,1,0,1
Maruti Vitara Brezza ZXI Plus AT,1,1,0
Maruti Wagon R VXI Opt 1.2,1,1,0
Kia Seltos HTX D,1,1,0
Hyundai Creta Facelift,1,1,0
Volkswagen Vento 1.2 Highline Plus AT 16 Alloy,1,1,0
ISUZU MUX 4X2,1,1,0
Mercedes-Benz SLK 350,1,0,1
Tata Aria Pure 4x2,1,0,1
Maruti Swift AMT ZXI Plus BSIV,1,1,0
BMW 7 Series Signature 730Ld,1,1,0
Maruti Ciaz Delta AT,1,1,0
MG Hector Hybrid Sharp MT,1,1,0
Ford Fiesta 1.6 Duratec ZXi Leather,1,0,1
Maruti Swift Dzire Tour 1.2 S STD CNG Opt,1,1,0
Skoda Fabia 1.4 MPI Ambiente,1,0,1
Chevrolet Beat LT LPG,1,0,1
Maruti SX4 Celebration Petrol,1,0,1
Maruti Ertiga VXI AT,1,1,0
Mahindra KUV 100 mFALCON D75 K4 5str,1,0,1
Fiat Avventura Power Up 1.3 Emotion,1,0,1
Maruti Alto 800 LXI Anniversary Edition,1,1,0
Renault Fluence 2.0,1,0,1
Mahindra E Verito D6,1,0,1
Chevrolet Enjoy TCDi LT 7 Seater,1,0,1
Hyundai Venue SX Plus Turbo DCT DT,1,1,0
Skoda Laura Elegance 1.9 TDI  AT,1,0,1
Toyota Yaris J Optional CVT BSIV,1,1,0
Chevrolet Spark 1.0 LT Option Pack,1,0,1
Hyundai Creta SX Diesel,1,1,0
Audi A3 40 TFSI Premium,1,0,1
Mahindra KUV 100 mFALCON G80 K4,1,1,0
Nissan Terrano XE D,1,0,1
Renault Duster Adventure Edition,1,0,1
Mahindra Xylo E8 ABS BS III,1,0,1
Volkswagen Polo 1.0 MPI Trendline BSIV,1,0,1
Skoda Rapid 1.5 TDI Style BSIV,1,0,1
Honda Civic ZX,1,1,0
Mercedes-Benz S-Class S 500,1,1,0
Skoda Rapid 1.6 MPI Active,1,1,0
Toyota Innova 2.0 VX (Petrol) 8 Seater BS IV,1,0,1
Mahindra XUV500 W9,1,1,0
Mahindra Bolero 2011-2019 LX 4WD NON AC BSIV,1,1,0
Hyundai Santro Xing GL Plus LPG,1,0,1
Ford Figo 1.5D Titanium Plus MT,1,1,0
Maruti Ciaz Alpha AT,1,1,0
Maruti 800 DX 5 Speed,1,0,1
Chevrolet Spark 1.0 PS LPG,1,0,1
Tata Harrier XZ Plus,1,1,0
Renault Scala Diesel RxZ Travelogue,1,0,1
Hyundai Tucson 2.0 e-VGT 4WD AT GLS,1,1,0
Toyota Etios Liva 1.4 GXD,1,0,1
Mahindra Jeep MM 550 DP,1,0,1
Hyundai i20 1.4 Asta AT (O) with Sunroof,1,1,0
Tata Nano Cx BSII,1,0,1
Maruti Ciaz ZDi Option,1,0,1
Fiat Grande Punto Emotion 90Hp,1,0,1
Tata Nano XM,1,0,1
Jeep Compass 2.0 Longitude,1,1,0
Chevrolet Aveo 1.4 CNG,1,0,1
Maruti Swift Dzire AGS ZDI Plus,1,0,1
Ford Endeavour 4x2 XLT Limited Edition,1,1,0
Tata Aria Prestige 4x2,1,0,1
Toyota Qualis GS G9,1,0,1
Maruti Wagon R LXI Opt,1,1,0
Tata Manza Aqua Safire,1,0,1
Mahindra Scorpio Vlx BS-IV,1,1,0
Hyundai i20 1.4 Asta AT with AVN,1,1,0
Mercedes-Benz C-Class C 220 CDI Style,1,1,0
Honda Jazz 1.2 V AT i VTEC Privilege,1,1,0
Honda WR-V VX Diesel,1,1,0
Toyota Etios Cross 1.4 VD X Edition,1,0,1
Kia Carnival Limousine,1,1,0
Ford Figo Titanium BSIV,1,1,0
Maruti Wagon R VXI Minor ABS,1,1,0
BMW 7 Series 730Ld Eminence,1,0,1
Ford Fiesta Classic 1.6 SXI Duratec,1,0,1
Maruti Zen LXi - BS III,1,0,1
Maruti Ertiga ZXI AT,1,1,0
Mahindra Xylo E6 BS IV,1,0,1
Audi Q5 2.0 TFSI Quattro Premium Plus,1,0,1
Mercedes-Benz GLA 45 AMG 45 AMG,1,0,1
Ambassador Classic 1800 ISZ MPFI AC PS,1,0,1
Premier Rio LX,1,0,1
Mahindra XUV500 W9 AT BSIV,1,1,0
Ford Ecosport 2015-2021 1.5 Petrol Ambiente,1,0,1
Hyundai Verna VTVT 1.6 AT EX,1,1,0
Tata Nexon 1.2 Revotron XT,1,1,0
Tata Sierra Std,1,0,1
Jaguar F-Pace Pure 2.0 AWD,1,0,1
Maruti Zen Estilo LX BSIV,1,0,1
Maruti SX4 ZDI Leather,1,0,1
Skoda Yeti Elegance 4X4,1,0,1
Land Rover Range Rover Evoque 2.2L Prestige,1,1,0
BMW X4 M Sport X xDrive30i,1,1,0
Hyundai Tucson 2.0 Dual VTVT 2WD AT GL,1,0,1
Maruti Alto 800 LXI Airbag,1,1,0
Bentley Continental GT Speed Convertible BSIV,1,1,0
Honda CR-V RVi AT,1,0,1
Chevrolet Enjoy Petrol LS 7 Seater,1,0,1
Ford Escort 1.8 STD,1,0,1
Hyundai Tucson 2.0 e-VGT 2WD AT GL Opt,1,1,0
Maruti A-Star VXI Airbag,1,0,1
Jaguar F-TYPE 2013-2020 3.0 V6 S,1,0,1
Maruti Versa DX BSIII,1,0,1
BMW 5 Series 530d Touring,1,1,0
Tata Safari 2005-2017 4X4 LX,1,1,0
Volkswagen Beetle 2.0,1,0,1
Audi A8 4.2 FSI quattro,1,1,0
Hyundai Santro GLS I - Euro I,1,1,0
Porsche Cayenne S Diesel Platinum Edition,1,0,1
Volvo XC60 D5 Inscription,1,1,0
Tata Indigo LX DiCOR,1,0,1
Ford Ikon 1.3 IRIS,1,0,1
Honda City ZX MT,1,1,0
Toyota Fortuner 2016-2021 2.7 2WD AT,1,1,0
Tata Sumo EX TC,1,0,1
Maruti Swift AMT ZDI Plus,1,0,1
Tata Indica Vista Terra 1.2 Safire,1,0,1
Maruti Zen Estilo LX BSIII,1,0,1
Tata Indica LXI,1,0,1
Nissan Infiniti Petrol,1,0,1
Honda City 1.5 V AT Exclusive,1,1,0
Tata Nexon XM,1,1,0
Nissan X-Trail LE,1,1,0
Tata Safari 2005-2017 Dicor VX 4X2,1,1,0
Mahindra Scorpio LX 4X4,1,1,0
Toyota Platinum Etios 1.5 G,1,0,1
Mercedes-Benz CL-Class 500,1,0,1
Daewoo Matiz SG,1,0,1
Maruti Swift VVT ZXI,1,1,0
Maruti Swift Glam,1,1,0
Mahindra Jeep Commander 750 DI,1,0,1
Hyundai Xcent 1.2 Kappa Base CNG,1,0,1
Toyota Innova 2.5 E,1,0,1
Hyundai Verna 1.6 VTVT AT SX,1,1,0
Volkswagen Polo 2015-2019 ALLSTAR 1.2 MPI,1,0,1
Maruti Celerio X VXI Option BSIV,1,1,0
Toyota Corolla H2,1,0,1
Maruti Esteem VX - BSII,1,0,1
Datsun redi-GO T,1,1,0
Hyundai Getz 1.1 GVS,1,0,1
Datsun GO D,1,1,0
Hyundai Verna Transform Xi,1,1,0
Maruti SX4 S Cross DDiS 320 Delta,1,0,1
Fiat Linea Dynamic (Diesel),1,0,1
Chevrolet Tavera Neo 3 LT 8 Seats BSIV,1,0,1
Tata Venture GX 7 Str,1,0,1
Fiat Grande Punto 1.4 Emotion,1,0,1
Land Rover Range Rover Evoque 2.0 TD4 SE Dynamic,1,1,0
Hyundai i20 Era Diesel,1,1,0
Toyota Corolla H5 ANNIVERSARY,1,0,1
Volkswagen Polo GT TSI BSIV,1,1,0
Tata Manza Club Class Quadrajet90 EXL,1,0,1
Mahindra Scorpio LX BS IV,1,1,0
Tata Zest Premio,1,0,1
Nissan Evalia 2013 XV,1,0,1
Maruti Swift Dzire Tour 1.2 S STD CNG,1,1,0
Skoda Octavia Classic 1.9 TDI MT,1,0,1
Datsun GO Plus Remix Limited Edition,1,0,1
Mahindra Marazzo M4,1,1,0
Skoda Yeti Ambiente,1,0,1
BMW 7 Series 740Li,1,1,0
Tata Safari 2005-2017 Dicor EX 4X2 BS IV,1,1,0
Maserati Ghibli Diesel BSIV,1,1,0
Skoda Fabia 1.2 MPI Active Plus,1,0,1
Honda CR-V 2.0 CVT,1,1,0
Chevrolet Enjoy TCDi LT 8 Seater,1,0,1
Chevrolet Aveo 1.4 LS BSIV,1,0,1
Tata Safari Storme VX 4WD Varicor 400,1,0,1
Mahindra TUV 300 Plus P4 BSIV,1,0,1
Mahindra Xylo E8 ABS 8S BSIV,1,0,1
Tata Safari 2005-2017 Dicor GX 4X2 BS IV,1,1,0
Maruti Versa DX BSII,1,0,1
Tata Tiago Wizz 1.05 Revotorq,1,0,1
Honda City 1.5 V AT Sunroof,1,1,0
Volkswagen Polo 2015-2019 GT 1.5 TDI,1,0,1
Mitsubishi Pajero 4X4 LHD,1,0,1
Maruti Alto 800 Std Optional,1,1,0
BMW X6 xDrive 40d,1,0,1
Hyundai i10 D-Lite 1.1,1,1,0
Ford Figo 1.2P Sports Edition MT,1,1,0
Tata Tigor EV XM,1,1,0
Hyundai Accent Executive CNG,1,0,1
Tata Sumo Victa CX 7/9 Str BSII,1,0,1
Chevrolet Aveo U-VA 1.2 LT WO ABS Airbag,1,0,1
Mahindra Renault Logan 1.5 DLS,1,0,1
Maruti Wagon R VXI Opt 1.2BSIV,1,1,0
Hyundai Santro Xing XL AT eRLX Euro II,1,0,1
Renault Duster Petrol RxE,1,1,0
Maruti Wagon R Pro,1,1,0
Audi Q5 30 TDI Sport Edition,1,0,1
Fiat Palio 1.2,1,0,1
Mahindra KUV100 NXT G80 K2 Plus,1,1,0
Tata Harrier XT Dark Edition BSIV,1,1,0
Honda Jazz S Diesel,1,0,1
Hyundai Verna CRDi ABS,1,1,0
Honda Amaze E Option i-DTEC,1,1,0
Land Rover Range Rover 3.6 TDV8 Vogue SE,1,1,0
Maruti Omni MPI CARGO BSIV,1,0,1
Hyundai i10 Asta 1.2,1,0,1
Renault KWID RXL 02 Anniversary Edition,1,1,0
Mahindra KUV100 NXT D75 K2 Plus,1,0,1
Ford Fiesta Diesel Titanium Plus,1,0,1
Toyota Corolla Altis VL,1,0,1
Maruti SX4 Zxi with Leather BSIII,1,0,1
Toyota Qualis RS E3,1,0,1
Mercedes-Benz GLA Class 200 D Sport Edition,1,0,1
Skoda Superb Sportline 2.0 TDi AT,1,0,1
Hyundai Santro Xing XE,1,0,1
Fiat Abarth Avventura 1.4 T-Jet,1,0,1
Bentley Mulsanne 6.8,1,0,1
Hyundai Santro Magna AMT BSIV,1,1,0
Toyota Qualis FS B6,1,0,1
Tata Tiago 2019-2020 XZA Plus,1,1,0
Mahindra Xylo E9,1,0,1
Chevrolet Tavera B1-7 seats BSII,1,0,1
Hyundai Venue SX Opt Turbo,1,1,0
Skoda Octavia Rider 1.9 AT TDI,1,0,1
Hyundai i20 2015-2017 Era 1.4 CRDi,1,1,0
Skoda Rapid 1.5 TDI AT Elegance Plus,1,0,1
Chevrolet Tavera Neo 3 10 Seats BSIV,1,0,1
Volkswagen Vento 1.5 TDI Highline Plus AT,1,0,1
Skoda Rapid 1.5 TDI AT Ambition With Alloy Wheel,1,0,1
Maruti Celerio VXI Optional MT BSIV,1,1,0
Chevrolet Tavera Neo 2 LT L 9 Str,1,0,1
Ford Ikon 1.8 ZXi NXt,1,0,1
MG Hector Sharp Diesel Dualtone,1,1,0
Toyota Glanza G,1,1,0
Tata Indica Vista Terra TDI BSIII,1,0,1
Fiat Linea T-Jet,1,0,1
Mercedes-Benz S-Class S350L CDI BE,1,1,0
Mercedes-Benz E-Class Exclusive E 200,1,1,0
Renault Fluence E2 D,1,0,1
Ford Figo 1.5 Sports Edition MT,1,1,0
Audi A6 2.0 TDI  Design Edition,1,0,1
Honda WR-V Exclusive Petrol,1,1,0
Ambassador Avigo 2000 DSZ,1,0,1
Mitsubishi Pajero Sport Limited Edition,1,0,1
Toyota Yaris VX CVT BSIV,1,1,0
Mahindra XUV300 W6,1,1,0
Chevrolet Optra 1.6,1,0,1
Jaguar XJ 2.0L Portfolio LWB,1,0,1
Hyundai i20 Magna Diesel,1,0,1
Land Rover Range Rover TDV8 (Diesel),1,1,0
Hyundai i20 Sportz Plus CVT,1,1,0
Mercedes-Benz C-Class C 220 CDI BE COR,1,1,0
Skoda Rapid 1.6 TDI Active Plus,1,0,1
Mercedes-Benz CLS-Class 350,1,0,1
Hyundai Santro Xing XG AT eRLX Euro II,1,0,1
Maruti Wagon R LX BSII,1,1,0
BMW 3 Series 328i Sport Line,1,0,1
Fiat Linea Dynamic,1,0,1
Fiat Avventura Urban Cross 1.3 Multijet Emotion,1,0,1
Mercedes-Benz E-Class 220 petrol,1,1,0
BMW 7 Series 730Ld Design Pure Excellence,1,1,0
Ford Ecosport 2015-2021 Thunder Edition Diesel BSIV,1,1,0
Ford Fiesta 1.5 TDCi Ambiente,1,0,1
Ford Figo Petrol Celebration Edition,1,1,0
Fiat Grande Punto 1.3 Emotion Pack (Diesel),1,0,1
Audi Q5 30 TDI quattro Technology,1,0,1
Nissan Kicks XE D BSIV,1,0,1
Maruti Celerio VXI CNG Optional,1,1,0
Hyundai Santro Xing XG AT eRLX Euro III,1,0,1
Land Rover Discovery 4 TDV6 Auto Diesel,1,0,1
Mahindra Scorpio SLX 2.6 Turbo 7 Str,1,1,0
Hyundai Creta 1.6 EX Petrol,1,1,0
Toyota Yaris V BSIV,1,1,0
Tata Manza Club Class Quadrajet90 LS,1,0,1
Audi Q5 30 TDI quattro Premium Plus,1,0,1
BMW 3 Series 320d Edition Sport,1,1,0
Maruti Baleno LXI - BSIII,1,1,0
Ford Freestyle Titanium,1,1,0
Mahindra Scorpio Adventure Edition 2WD,1,1,0
Maruti Ignis Alpha,1,1,0
Nissan Terrano XV 110 PS Limited Edition,1,0,1
Maruti Zen VXi - BS III,1,0,1
Fiat Linea 1.3 Dynamic,1,0,1
Tata Venture EX 7 Str Captain Seats,1,0,1
Hyundai Creta 1.6 SX Option Executive Diesel,1,1,0
Mini Cooper Countryman S,1,1,0
Hyundai i20 Diesel Asta,1,0,1
Renault Duster 110PS Diesel RXZ Option,1,0,1
Volkswagen Passat 2.0 TDI AT Comfortline,1,0,1
Maruti Alto 800 LXI Opt BSIV,1,1,0
Fiat Linea 1.3 Multijet Dynamic,1,0,1
Honda City V MT Diesel,1,1,0
Chevrolet Tavera NY ELITE LS B3-7 Str BSIII,1,0,1
Mahindra XUV500 W8 1.99 mHawk,1,1,0
Ford Aspire Titanium Automatic,1,1,0
Ford Fiesta Petrol Style,1,0,1
Skoda Yeti Elegance,1,0,1
Hyundai Verna Transform VGT CRDi,1,1,0
Ford Figo Diesel,1,0,1
Maruti Versa DX2,1,0,1
Land Rover Discovery HSE Luxury 3.0 Si6,1,1,0
Ford Figo Petrol EXI Option,1,1,0
Skoda Fabia 1.4 TDI Classic,1,0,1
Chevrolet Tavera B1-10 seats BSII,1,0,1
Audi TT Coupe 3.2 quattro S tronic,1,0,1
Renault Duster SANDSTORM RXS 85 PS,1,0,1
Renault KWID 1.0 RXT AMT Opt BSIV,1,1,0
Skoda Rapid 1.6 MPI AT Style,1,1,0
Audi R8 4.2 FSI Quattro R Tronic,1,0,1
Maruti Swift AMT VVT VXI,1,1,0
Toyota Innova Crysta 2.4 VX 7 STR,1,1,0
Toyota Etios Diesel TRD Sportivo,1,0,1
Audi Q3 35 TDI Dynamic Edition,1,0,1
Bentley Continental Flying Spur BSIV,1,1,0
Hyundai Verna CRDi 1.6 E,1,0,1
Ford Figo 1.2P Base MT,1,1,0
Hyundai Creta 1.6 E Plus Diesel,1,1,0
Chevrolet Cruze LT,1,0,1
Jaguar XF S 2.2,1,0,1
Chevrolet Enjoy 1.3 TCDi LS 7,1,0,1
Mahindra Scorpio SLX 4WD LE,1,1,0
Tata Safari Storme VX 4WD,1,0,1
Maruti Eeco 5 Seater STD,1,1,0
Chevrolet Tavera Neo 3 LS 10 Str,1,0,1
Maruti Alto 800 LXI Opt,1,1,0
Mitsubishi Cedia Spirit,1,0,1
Jeep Compass Black Pack Edition,1,0,1
Honda City VX MT Diesel,1,1,0
Skoda Octavia Active 2.0 TDI MT,1,0,1
Nissan Evalia 2013 XV Option,1,0,1
Mahindra KUV 100 mFALCON D75 K6 Plus AW,1,0,1
Audi A3 40 TFSI Premium Plus,1,0,1
Lexus ES 300h Luxury,1,1,0
Opel Corsa Sail 1.6,1,0,1
Toyota Innova Crysta 2016-2020 2.4 G Plus MT,1,1,0
Kia Seltos GTX Plus AT D,1,1,0
BMW 5 Series 530d Sedan 3.0,1,1,0
Tata Nexon 1.5 Diesel,1,1,0
Toyota Innova Crysta 2.4 VX 8 STR,1,1,0
Volkswagen Jetta 2.0L TDI Trendline,1,0,1
BMW M Series M6 Coupe,1,0,1
Volkswagen Vento 1.0 TSI Highline Plus,1,0,1
BMW M Series M3 Sedan,1,0,1
Mahindra Xylo E8 ABS Airbag,1,0,1
Jaguar XF 2.0 Litre Petrol,1,1,0
Kia Carnival Prestige 9 STR,1,1,0
Maruti Celerio VDI Optional,1,0,1
Mahindra Bolero B6 Opt,1,1,0
Mercedes-Benz E-Class E240 V6 AT,1,1,0
Kia Sonet 1.5 HTX Diesel,1,0,1
Hyundai Accent GLS 1.6,1,0,1
Honda City Corporate Edition,1,1,0
Ford Fiesta 1.4 ZXi TDCi Limited Edition,1,0,1
Ford Fiesta Diesel Style,1,0,1
Maruti Eeco Smiles 7 Seater Standard,1,0,1
Mahindra Bolero DI DX 8 Seater,1,1,0
Jeep Compass 1.4 Limited Option,1,0,1
Kia Seltos HTK Plus AT D,1,1,0
Maruti Ertiga 1.5 ZDI,1,0,1
Ford Figo 1.5D Trend Plus MT,1,1,0
Skoda Laura 1.8 TSI Ambition,1,0,1
Tata Indigo LE (TDI) BS-III,1,0,1
Mercedes-Benz S-Class Maybach S500,1,1,0
Tata Indigo LE TDI BSIII,1,0,1
Datsun GO A Petrol,1,1,0
Hyundai i20 1.4 Asta Dual Tone,1,1,0
Maruti Alto AX,1,0,1
Volkswagen Vento 1.6 Trendline BSIV,1,1,0
Tata Indigo GLX BS III,1,0,1
